/*--------------------------------*- C++ -*----------------------------------*\
| =========                 |                                                 |
| \\      /  F ield         | OpenFOAM: The Open Source CFD Toolbox           |
|  \\    /   O peration     | Version:  v1706                                 |
|   \\  /    A nd           | Web:      www.OpenFOAM.com                      |
|    \\/     M anipulation  |                                                 |
\*---------------------------------------------------------------------------*/
FoamFile
{
    version     2.0;
    format      ascii;
    class       vectorField;
    location    "constant/polyMesh";
    object      points;
}
// * * * * * * * * * * * * * * * * * * * * * * * * * * * * * * * * * * * * * //


4913
(
(-18 -18 0)
(-15.75 -18 0)
(-13.5 -18 0)
(-11.25 -18 0)
(-9 -18 0)
(-6.75 -18 0)
(-4.5 -18 0)
(-2.25 -18 0)
(0 -18 0)
(2.25 -18 0)
(4.5 -18 0)
(6.75 -18 0)
(9 -18 0)
(11.25 -18 0)
(13.5 -18 0)
(15.75 -18 0)
(18 -18 0)
(-18 -15.75 0)
(-15.75 -15.75 0)
(-13.5 -15.75 0)
(-11.25 -15.75 0)
(-9 -15.75 0)
(-6.75 -15.75 0)
(-4.5 -15.75 0)
(-2.25 -15.75 0)
(0 -15.75 0)
(2.25 -15.75 0)
(4.5 -15.75 0)
(6.75 -15.75 0)
(9 -15.75 0)
(11.25 -15.75 0)
(13.5 -15.75 0)
(15.75 -15.75 0)
(18 -15.75 0)
(-18 -13.5 0)
(-15.75 -13.5 0)
(-13.5 -13.5 0)
(-11.25 -13.5 0)
(-9 -13.5 0)
(-6.75 -13.5 0)
(-4.5 -13.5 0)
(-2.25 -13.5 0)
(0 -13.5 0)
(2.25 -13.5 0)
(4.5 -13.5 0)
(6.75 -13.5 0)
(9 -13.5 0)
(11.25 -13.5 0)
(13.5 -13.5 0)
(15.75 -13.5 0)
(18 -13.5 0)
(-18 -11.25 0)
(-15.75 -11.25 0)
(-13.5 -11.25 0)
(-11.25 -11.25 0)
(-9 -11.25 0)
(-6.75 -11.25 0)
(-4.5 -11.25 0)
(-2.25 -11.25 0)
(0 -11.25 0)
(2.25 -11.25 0)
(4.5 -11.25 0)
(6.75 -11.25 0)
(9 -11.25 0)
(11.25 -11.25 0)
(13.5 -11.25 0)
(15.75 -11.25 0)
(18 -11.25 0)
(-18 -9 0)
(-15.75 -9 0)
(-13.5 -9 0)
(-11.25 -9 0)
(-9 -9 0)
(-6.75 -9 0)
(-4.5 -9 0)
(-2.25 -9 0)
(0 -9 0)
(2.25 -9 0)
(4.5 -9 0)
(6.75 -9 0)
(9 -9 0)
(11.25 -9 0)
(13.5 -9 0)
(15.75 -9 0)
(18 -9 0)
(-18 -6.75 0)
(-15.75 -6.75 0)
(-13.5 -6.75 0)
(-11.25 -6.75 0)
(-9 -6.75 0)
(-6.75 -6.75 0)
(-4.5 -6.75 0)
(-2.25 -6.75 0)
(0 -6.75 0)
(2.25 -6.75 0)
(4.5 -6.75 0)
(6.75 -6.75 0)
(9 -6.75 0)
(11.25 -6.75 0)
(13.5 -6.75 0)
(15.75 -6.75 0)
(18 -6.75 0)
(-18 -4.5 0)
(-15.75 -4.5 0)
(-13.5 -4.5 0)
(-11.25 -4.5 0)
(-9 -4.5 0)
(-6.75 -4.5 0)
(-4.5 -4.5 0)
(-2.25 -4.5 0)
(0 -4.5 0)
(2.25 -4.5 0)
(4.5 -4.5 0)
(6.75 -4.5 0)
(9 -4.5 0)
(11.25 -4.5 0)
(13.5 -4.5 0)
(15.75 -4.5 0)
(18 -4.5 0)
(-18 -2.25 0)
(-15.75 -2.25 0)
(-13.5 -2.25 0)
(-11.25 -2.25 0)
(-9 -2.25 0)
(-6.75 -2.25 0)
(-4.5 -2.25 0)
(-2.25 -2.25 0)
(0 -2.25 0)
(2.25 -2.25 0)
(4.5 -2.25 0)
(6.75 -2.25 0)
(9 -2.25 0)
(11.25 -2.25 0)
(13.5 -2.25 0)
(15.75 -2.25 0)
(18 -2.25 0)
(-18 0 0)
(-15.75 0 0)
(-13.5 0 0)
(-11.25 0 0)
(-9 0 0)
(-6.75 0 0)
(-4.5 0 0)
(-2.25 0 0)
(0 0 0)
(2.25 0 0)
(4.5 0 0)
(6.75 0 0)
(9 0 0)
(11.25 0 0)
(13.5 0 0)
(15.75 0 0)
(18 0 0)
(-18 2.25 0)
(-15.75 2.25 0)
(-13.5 2.25 0)
(-11.25 2.25 0)
(-9 2.25 0)
(-6.75 2.25 0)
(-4.5 2.25 0)
(-2.25 2.25 0)
(0 2.25 0)
(2.25 2.25 0)
(4.5 2.25 0)
(6.75 2.25 0)
(9 2.25 0)
(11.25 2.25 0)
(13.5 2.25 0)
(15.75 2.25 0)
(18 2.25 0)
(-18 4.5 0)
(-15.75 4.5 0)
(-13.5 4.5 0)
(-11.25 4.5 0)
(-9 4.5 0)
(-6.75 4.5 0)
(-4.5 4.5 0)
(-2.25 4.5 0)
(0 4.5 0)
(2.25 4.5 0)
(4.5 4.5 0)
(6.75 4.5 0)
(9 4.5 0)
(11.25 4.5 0)
(13.5 4.5 0)
(15.75 4.5 0)
(18 4.5 0)
(-18 6.75 0)
(-15.75 6.75 0)
(-13.5 6.75 0)
(-11.25 6.75 0)
(-9 6.75 0)
(-6.75 6.75 0)
(-4.5 6.75 0)
(-2.25 6.75 0)
(0 6.75 0)
(2.25 6.75 0)
(4.5 6.75 0)
(6.75 6.75 0)
(9 6.75 0)
(11.25 6.75 0)
(13.5 6.75 0)
(15.75 6.75 0)
(18 6.75 0)
(-18 9 0)
(-15.75 9 0)
(-13.5 9 0)
(-11.25 9 0)
(-9 9 0)
(-6.75 9 0)
(-4.5 9 0)
(-2.25 9 0)
(0 9 0)
(2.25 9 0)
(4.5 9 0)
(6.75 9 0)
(9 9 0)
(11.25 9 0)
(13.5 9 0)
(15.75 9 0)
(18 9 0)
(-18 11.25 0)
(-15.75 11.25 0)
(-13.5 11.25 0)
(-11.25 11.25 0)
(-9 11.25 0)
(-6.75 11.25 0)
(-4.5 11.25 0)
(-2.25 11.25 0)
(0 11.25 0)
(2.25 11.25 0)
(4.5 11.25 0)
(6.75 11.25 0)
(9 11.25 0)
(11.25 11.25 0)
(13.5 11.25 0)
(15.75 11.25 0)
(18 11.25 0)
(-18 13.5 0)
(-15.75 13.5 0)
(-13.5 13.5 0)
(-11.25 13.5 0)
(-9 13.5 0)
(-6.75 13.5 0)
(-4.5 13.5 0)
(-2.25 13.5 0)
(0 13.5 0)
(2.25 13.5 0)
(4.5 13.5 0)
(6.75 13.5 0)
(9 13.5 0)
(11.25 13.5 0)
(13.5 13.5 0)
(15.75 13.5 0)
(18 13.5 0)
(-18 15.75 0)
(-15.75 15.75 0)
(-13.5 15.75 0)
(-11.25 15.75 0)
(-9 15.75 0)
(-6.75 15.75 0)
(-4.5 15.75 0)
(-2.25 15.75 0)
(0 15.75 0)
(2.25 15.75 0)
(4.5 15.75 0)
(6.75 15.75 0)
(9 15.75 0)
(11.25 15.75 0)
(13.5 15.75 0)
(15.75 15.75 0)
(18 15.75 0)
(-18 18 0)
(-15.75 18 0)
(-13.5 18 0)
(-11.25 18 0)
(-9 18 0)
(-6.75 18 0)
(-4.5 18 0)
(-2.25 18 0)
(0 18 0)
(2.25 18 0)
(4.5 18 0)
(6.75 18 0)
(9 18 0)
(11.25 18 0)
(13.5 18 0)
(15.75 18 0)
(18 18 0)
(-18 -18 2.8125)
(-15.75 -18 2.8125)
(-13.5 -18 2.8125)
(-11.25 -18 2.8125)
(-9 -18 2.8125)
(-6.75 -18 2.8125)
(-4.5 -18 2.8125)
(-2.25 -18 2.8125)
(0 -18 2.8125)
(2.25 -18 2.8125)
(4.5 -18 2.8125)
(6.75 -18 2.8125)
(9 -18 2.8125)
(11.25 -18 2.8125)
(13.5 -18 2.8125)
(15.75 -18 2.8125)
(18 -18 2.8125)
(-18 -15.75 2.8125)
(-15.75 -15.75 2.8125)
(-13.5 -15.75 2.8125)
(-11.25 -15.75 2.8125)
(-9 -15.75 2.8125)
(-6.75 -15.75 2.8125)
(-4.5 -15.75 2.8125)
(-2.25 -15.75 2.8125)
(0 -15.75 2.8125)
(2.25 -15.75 2.8125)
(4.5 -15.75 2.8125)
(6.75 -15.75 2.8125)
(9 -15.75 2.8125)
(11.25 -15.75 2.8125)
(13.5 -15.75 2.8125)
(15.75 -15.75 2.8125)
(18 -15.75 2.8125)
(-18 -13.5 2.8125)
(-15.75 -13.5 2.8125)
(-13.5 -13.5 2.8125)
(-11.25 -13.5 2.8125)
(-9 -13.5 2.8125)
(-6.75 -13.5 2.8125)
(-4.5 -13.5 2.8125)
(-2.25 -13.5 2.8125)
(0 -13.5 2.8125)
(2.25 -13.5 2.8125)
(4.5 -13.5 2.8125)
(6.75 -13.5 2.8125)
(9 -13.5 2.8125)
(11.25 -13.5 2.8125)
(13.5 -13.5 2.8125)
(15.75 -13.5 2.8125)
(18 -13.5 2.8125)
(-18 -11.25 2.8125)
(-15.75 -11.25 2.8125)
(-13.5 -11.25 2.8125)
(-11.25 -11.25 2.8125)
(-9 -11.25 2.8125)
(-6.75 -11.25 2.8125)
(-4.5 -11.25 2.8125)
(-2.25 -11.25 2.8125)
(0 -11.25 2.8125)
(2.25 -11.25 2.8125)
(4.5 -11.25 2.8125)
(6.75 -11.25 2.8125)
(9 -11.25 2.8125)
(11.25 -11.25 2.8125)
(13.5 -11.25 2.8125)
(15.75 -11.25 2.8125)
(18 -11.25 2.8125)
(-18 -9 2.8125)
(-15.75 -9 2.8125)
(-13.5 -9 2.8125)
(-11.25 -9 2.8125)
(-9 -9 2.8125)
(-6.75 -9 2.8125)
(-4.5 -9 2.8125)
(-2.25 -9 2.8125)
(0 -9 2.8125)
(2.25 -9 2.8125)
(4.5 -9 2.8125)
(6.75 -9 2.8125)
(9 -9 2.8125)
(11.25 -9 2.8125)
(13.5 -9 2.8125)
(15.75 -9 2.8125)
(18 -9 2.8125)
(-18 -6.75 2.8125)
(-15.75 -6.75 2.8125)
(-13.5 -6.75 2.8125)
(-11.25 -6.75 2.8125)
(-9 -6.75 2.8125)
(-6.75 -6.75 2.8125)
(-4.5 -6.75 2.8125)
(-2.25 -6.75 2.8125)
(0 -6.75 2.8125)
(2.25 -6.75 2.8125)
(4.5 -6.75 2.8125)
(6.75 -6.75 2.8125)
(9 -6.75 2.8125)
(11.25 -6.75 2.8125)
(13.5 -6.75 2.8125)
(15.75 -6.75 2.8125)
(18 -6.75 2.8125)
(-18 -4.5 2.8125)
(-15.75 -4.5 2.8125)
(-13.5 -4.5 2.8125)
(-11.25 -4.5 2.8125)
(-9 -4.5 2.8125)
(-6.75 -4.5 2.8125)
(-4.5 -4.5 2.8125)
(-2.25 -4.5 2.8125)
(0 -4.5 2.8125)
(2.25 -4.5 2.8125)
(4.5 -4.5 2.8125)
(6.75 -4.5 2.8125)
(9 -4.5 2.8125)
(11.25 -4.5 2.8125)
(13.5 -4.5 2.8125)
(15.75 -4.5 2.8125)
(18 -4.5 2.8125)
(-18 -2.25 2.8125)
(-15.75 -2.25 2.8125)
(-13.5 -2.25 2.8125)
(-11.25 -2.25 2.8125)
(-9 -2.25 2.8125)
(-6.75 -2.25 2.8125)
(-4.5 -2.25 2.8125)
(-2.25 -2.25 2.8125)
(0 -2.25 2.8125)
(2.25 -2.25 2.8125)
(4.5 -2.25 2.8125)
(6.75 -2.25 2.8125)
(9 -2.25 2.8125)
(11.25 -2.25 2.8125)
(13.5 -2.25 2.8125)
(15.75 -2.25 2.8125)
(18 -2.25 2.8125)
(-18 0 2.8125)
(-15.75 0 2.8125)
(-13.5 0 2.8125)
(-11.25 0 2.8125)
(-9 0 2.8125)
(-6.75 0 2.8125)
(-4.5 0 2.8125)
(-2.25 0 2.8125)
(0 0 2.8125)
(2.25 0 2.8125)
(4.5 0 2.8125)
(6.75 0 2.8125)
(9 0 2.8125)
(11.25 0 2.8125)
(13.5 0 2.8125)
(15.75 0 2.8125)
(18 0 2.8125)
(-18 2.25 2.8125)
(-15.75 2.25 2.8125)
(-13.5 2.25 2.8125)
(-11.25 2.25 2.8125)
(-9 2.25 2.8125)
(-6.75 2.25 2.8125)
(-4.5 2.25 2.8125)
(-2.25 2.25 2.8125)
(0 2.25 2.8125)
(2.25 2.25 2.8125)
(4.5 2.25 2.8125)
(6.75 2.25 2.8125)
(9 2.25 2.8125)
(11.25 2.25 2.8125)
(13.5 2.25 2.8125)
(15.75 2.25 2.8125)
(18 2.25 2.8125)
(-18 4.5 2.8125)
(-15.75 4.5 2.8125)
(-13.5 4.5 2.8125)
(-11.25 4.5 2.8125)
(-9 4.5 2.8125)
(-6.75 4.5 2.8125)
(-4.5 4.5 2.8125)
(-2.25 4.5 2.8125)
(0 4.5 2.8125)
(2.25 4.5 2.8125)
(4.5 4.5 2.8125)
(6.75 4.5 2.8125)
(9 4.5 2.8125)
(11.25 4.5 2.8125)
(13.5 4.5 2.8125)
(15.75 4.5 2.8125)
(18 4.5 2.8125)
(-18 6.75 2.8125)
(-15.75 6.75 2.8125)
(-13.5 6.75 2.8125)
(-11.25 6.75 2.8125)
(-9 6.75 2.8125)
(-6.75 6.75 2.8125)
(-4.5 6.75 2.8125)
(-2.25 6.75 2.8125)
(0 6.75 2.8125)
(2.25 6.75 2.8125)
(4.5 6.75 2.8125)
(6.75 6.75 2.8125)
(9 6.75 2.8125)
(11.25 6.75 2.8125)
(13.5 6.75 2.8125)
(15.75 6.75 2.8125)
(18 6.75 2.8125)
(-18 9 2.8125)
(-15.75 9 2.8125)
(-13.5 9 2.8125)
(-11.25 9 2.8125)
(-9 9 2.8125)
(-6.75 9 2.8125)
(-4.5 9 2.8125)
(-2.25 9 2.8125)
(0 9 2.8125)
(2.25 9 2.8125)
(4.5 9 2.8125)
(6.75 9 2.8125)
(9 9 2.8125)
(11.25 9 2.8125)
(13.5 9 2.8125)
(15.75 9 2.8125)
(18 9 2.8125)
(-18 11.25 2.8125)
(-15.75 11.25 2.8125)
(-13.5 11.25 2.8125)
(-11.25 11.25 2.8125)
(-9 11.25 2.8125)
(-6.75 11.25 2.8125)
(-4.5 11.25 2.8125)
(-2.25 11.25 2.8125)
(0 11.25 2.8125)
(2.25 11.25 2.8125)
(4.5 11.25 2.8125)
(6.75 11.25 2.8125)
(9 11.25 2.8125)
(11.25 11.25 2.8125)
(13.5 11.25 2.8125)
(15.75 11.25 2.8125)
(18 11.25 2.8125)
(-18 13.5 2.8125)
(-15.75 13.5 2.8125)
(-13.5 13.5 2.8125)
(-11.25 13.5 2.8125)
(-9 13.5 2.8125)
(-6.75 13.5 2.8125)
(-4.5 13.5 2.8125)
(-2.25 13.5 2.8125)
(0 13.5 2.8125)
(2.25 13.5 2.8125)
(4.5 13.5 2.8125)
(6.75 13.5 2.8125)
(9 13.5 2.8125)
(11.25 13.5 2.8125)
(13.5 13.5 2.8125)
(15.75 13.5 2.8125)
(18 13.5 2.8125)
(-18 15.75 2.8125)
(-15.75 15.75 2.8125)
(-13.5 15.75 2.8125)
(-11.25 15.75 2.8125)
(-9 15.75 2.8125)
(-6.75 15.75 2.8125)
(-4.5 15.75 2.8125)
(-2.25 15.75 2.8125)
(0 15.75 2.8125)
(2.25 15.75 2.8125)
(4.5 15.75 2.8125)
(6.75 15.75 2.8125)
(9 15.75 2.8125)
(11.25 15.75 2.8125)
(13.5 15.75 2.8125)
(15.75 15.75 2.8125)
(18 15.75 2.8125)
(-18 18 2.8125)
(-15.75 18 2.8125)
(-13.5 18 2.8125)
(-11.25 18 2.8125)
(-9 18 2.8125)
(-6.75 18 2.8125)
(-4.5 18 2.8125)
(-2.25 18 2.8125)
(0 18 2.8125)
(2.25 18 2.8125)
(4.5 18 2.8125)
(6.75 18 2.8125)
(9 18 2.8125)
(11.25 18 2.8125)
(13.5 18 2.8125)
(15.75 18 2.8125)
(18 18 2.8125)
(-18 -18 5.625)
(-15.75 -18 5.625)
(-13.5 -18 5.625)
(-11.25 -18 5.625)
(-9 -18 5.625)
(-6.75 -18 5.625)
(-4.5 -18 5.625)
(-2.25 -18 5.625)
(0 -18 5.625)
(2.25 -18 5.625)
(4.5 -18 5.625)
(6.75 -18 5.625)
(9 -18 5.625)
(11.25 -18 5.625)
(13.5 -18 5.625)
(15.75 -18 5.625)
(18 -18 5.625)
(-18 -15.75 5.625)
(-15.75 -15.75 5.625)
(-13.5 -15.75 5.625)
(-11.25 -15.75 5.625)
(-9 -15.75 5.625)
(-6.75 -15.75 5.625)
(-4.5 -15.75 5.625)
(-2.25 -15.75 5.625)
(0 -15.75 5.625)
(2.25 -15.75 5.625)
(4.5 -15.75 5.625)
(6.75 -15.75 5.625)
(9 -15.75 5.625)
(11.25 -15.75 5.625)
(13.5 -15.75 5.625)
(15.75 -15.75 5.625)
(18 -15.75 5.625)
(-18 -13.5 5.625)
(-15.75 -13.5 5.625)
(-13.5 -13.5 5.625)
(-11.25 -13.5 5.625)
(-9 -13.5 5.625)
(-6.75 -13.5 5.625)
(-4.5 -13.5 5.625)
(-2.25 -13.5 5.625)
(0 -13.5 5.625)
(2.25 -13.5 5.625)
(4.5 -13.5 5.625)
(6.75 -13.5 5.625)
(9 -13.5 5.625)
(11.25 -13.5 5.625)
(13.5 -13.5 5.625)
(15.75 -13.5 5.625)
(18 -13.5 5.625)
(-18 -11.25 5.625)
(-15.75 -11.25 5.625)
(-13.5 -11.25 5.625)
(-11.25 -11.25 5.625)
(-9 -11.25 5.625)
(-6.75 -11.25 5.625)
(-4.5 -11.25 5.625)
(-2.25 -11.25 5.625)
(0 -11.25 5.625)
(2.25 -11.25 5.625)
(4.5 -11.25 5.625)
(6.75 -11.25 5.625)
(9 -11.25 5.625)
(11.25 -11.25 5.625)
(13.5 -11.25 5.625)
(15.75 -11.25 5.625)
(18 -11.25 5.625)
(-18 -9 5.625)
(-15.75 -9 5.625)
(-13.5 -9 5.625)
(-11.25 -9 5.625)
(-9 -9 5.625)
(-6.75 -9 5.625)
(-4.5 -9 5.625)
(-2.25 -9 5.625)
(0 -9 5.625)
(2.25 -9 5.625)
(4.5 -9 5.625)
(6.75 -9 5.625)
(9 -9 5.625)
(11.25 -9 5.625)
(13.5 -9 5.625)
(15.75 -9 5.625)
(18 -9 5.625)
(-18 -6.75 5.625)
(-15.75 -6.75 5.625)
(-13.5 -6.75 5.625)
(-11.25 -6.75 5.625)
(-9 -6.75 5.625)
(-6.75 -6.75 5.625)
(-4.5 -6.75 5.625)
(-2.25 -6.75 5.625)
(0 -6.75 5.625)
(2.25 -6.75 5.625)
(4.5 -6.75 5.625)
(6.75 -6.75 5.625)
(9 -6.75 5.625)
(11.25 -6.75 5.625)
(13.5 -6.75 5.625)
(15.75 -6.75 5.625)
(18 -6.75 5.625)
(-18 -4.5 5.625)
(-15.75 -4.5 5.625)
(-13.5 -4.5 5.625)
(-11.25 -4.5 5.625)
(-9 -4.5 5.625)
(-6.75 -4.5 5.625)
(-4.5 -4.5 5.625)
(-2.25 -4.5 5.625)
(0 -4.5 5.625)
(2.25 -4.5 5.625)
(4.5 -4.5 5.625)
(6.75 -4.5 5.625)
(9 -4.5 5.625)
(11.25 -4.5 5.625)
(13.5 -4.5 5.625)
(15.75 -4.5 5.625)
(18 -4.5 5.625)
(-18 -2.25 5.625)
(-15.75 -2.25 5.625)
(-13.5 -2.25 5.625)
(-11.25 -2.25 5.625)
(-9 -2.25 5.625)
(-6.75 -2.25 5.625)
(-4.5 -2.25 5.625)
(-2.25 -2.25 5.625)
(0 -2.25 5.625)
(2.25 -2.25 5.625)
(4.5 -2.25 5.625)
(6.75 -2.25 5.625)
(9 -2.25 5.625)
(11.25 -2.25 5.625)
(13.5 -2.25 5.625)
(15.75 -2.25 5.625)
(18 -2.25 5.625)
(-18 0 5.625)
(-15.75 0 5.625)
(-13.5 0 5.625)
(-11.25 0 5.625)
(-9 0 5.625)
(-6.75 0 5.625)
(-4.5 0 5.625)
(-2.25 0 5.625)
(0 0 5.625)
(2.25 0 5.625)
(4.5 0 5.625)
(6.75 0 5.625)
(9 0 5.625)
(11.25 0 5.625)
(13.5 0 5.625)
(15.75 0 5.625)
(18 0 5.625)
(-18 2.25 5.625)
(-15.75 2.25 5.625)
(-13.5 2.25 5.625)
(-11.25 2.25 5.625)
(-9 2.25 5.625)
(-6.75 2.25 5.625)
(-4.5 2.25 5.625)
(-2.25 2.25 5.625)
(0 2.25 5.625)
(2.25 2.25 5.625)
(4.5 2.25 5.625)
(6.75 2.25 5.625)
(9 2.25 5.625)
(11.25 2.25 5.625)
(13.5 2.25 5.625)
(15.75 2.25 5.625)
(18 2.25 5.625)
(-18 4.5 5.625)
(-15.75 4.5 5.625)
(-13.5 4.5 5.625)
(-11.25 4.5 5.625)
(-9 4.5 5.625)
(-6.75 4.5 5.625)
(-4.5 4.5 5.625)
(-2.25 4.5 5.625)
(0 4.5 5.625)
(2.25 4.5 5.625)
(4.5 4.5 5.625)
(6.75 4.5 5.625)
(9 4.5 5.625)
(11.25 4.5 5.625)
(13.5 4.5 5.625)
(15.75 4.5 5.625)
(18 4.5 5.625)
(-18 6.75 5.625)
(-15.75 6.75 5.625)
(-13.5 6.75 5.625)
(-11.25 6.75 5.625)
(-9 6.75 5.625)
(-6.75 6.75 5.625)
(-4.5 6.75 5.625)
(-2.25 6.75 5.625)
(0 6.75 5.625)
(2.25 6.75 5.625)
(4.5 6.75 5.625)
(6.75 6.75 5.625)
(9 6.75 5.625)
(11.25 6.75 5.625)
(13.5 6.75 5.625)
(15.75 6.75 5.625)
(18 6.75 5.625)
(-18 9 5.625)
(-15.75 9 5.625)
(-13.5 9 5.625)
(-11.25 9 5.625)
(-9 9 5.625)
(-6.75 9 5.625)
(-4.5 9 5.625)
(-2.25 9 5.625)
(0 9 5.625)
(2.25 9 5.625)
(4.5 9 5.625)
(6.75 9 5.625)
(9 9 5.625)
(11.25 9 5.625)
(13.5 9 5.625)
(15.75 9 5.625)
(18 9 5.625)
(-18 11.25 5.625)
(-15.75 11.25 5.625)
(-13.5 11.25 5.625)
(-11.25 11.25 5.625)
(-9 11.25 5.625)
(-6.75 11.25 5.625)
(-4.5 11.25 5.625)
(-2.25 11.25 5.625)
(0 11.25 5.625)
(2.25 11.25 5.625)
(4.5 11.25 5.625)
(6.75 11.25 5.625)
(9 11.25 5.625)
(11.25 11.25 5.625)
(13.5 11.25 5.625)
(15.75 11.25 5.625)
(18 11.25 5.625)
(-18 13.5 5.625)
(-15.75 13.5 5.625)
(-13.5 13.5 5.625)
(-11.25 13.5 5.625)
(-9 13.5 5.625)
(-6.75 13.5 5.625)
(-4.5 13.5 5.625)
(-2.25 13.5 5.625)
(0 13.5 5.625)
(2.25 13.5 5.625)
(4.5 13.5 5.625)
(6.75 13.5 5.625)
(9 13.5 5.625)
(11.25 13.5 5.625)
(13.5 13.5 5.625)
(15.75 13.5 5.625)
(18 13.5 5.625)
(-18 15.75 5.625)
(-15.75 15.75 5.625)
(-13.5 15.75 5.625)
(-11.25 15.75 5.625)
(-9 15.75 5.625)
(-6.75 15.75 5.625)
(-4.5 15.75 5.625)
(-2.25 15.75 5.625)
(0 15.75 5.625)
(2.25 15.75 5.625)
(4.5 15.75 5.625)
(6.75 15.75 5.625)
(9 15.75 5.625)
(11.25 15.75 5.625)
(13.5 15.75 5.625)
(15.75 15.75 5.625)
(18 15.75 5.625)
(-18 18 5.625)
(-15.75 18 5.625)
(-13.5 18 5.625)
(-11.25 18 5.625)
(-9 18 5.625)
(-6.75 18 5.625)
(-4.5 18 5.625)
(-2.25 18 5.625)
(0 18 5.625)
(2.25 18 5.625)
(4.5 18 5.625)
(6.75 18 5.625)
(9 18 5.625)
(11.25 18 5.625)
(13.5 18 5.625)
(15.75 18 5.625)
(18 18 5.625)
(-18 -18 8.4375)
(-15.75 -18 8.4375)
(-13.5 -18 8.4375)
(-11.25 -18 8.4375)
(-9 -18 8.4375)
(-6.75 -18 8.4375)
(-4.5 -18 8.4375)
(-2.25 -18 8.4375)
(0 -18 8.4375)
(2.25 -18 8.4375)
(4.5 -18 8.4375)
(6.75 -18 8.4375)
(9 -18 8.4375)
(11.25 -18 8.4375)
(13.5 -18 8.4375)
(15.75 -18 8.4375)
(18 -18 8.4375)
(-18 -15.75 8.4375)
(-15.75 -15.75 8.4375)
(-13.5 -15.75 8.4375)
(-11.25 -15.75 8.4375)
(-9 -15.75 8.4375)
(-6.75 -15.75 8.4375)
(-4.5 -15.75 8.4375)
(-2.25 -15.75 8.4375)
(0 -15.75 8.4375)
(2.25 -15.75 8.4375)
(4.5 -15.75 8.4375)
(6.75 -15.75 8.4375)
(9 -15.75 8.4375)
(11.25 -15.75 8.4375)
(13.5 -15.75 8.4375)
(15.75 -15.75 8.4375)
(18 -15.75 8.4375)
(-18 -13.5 8.4375)
(-15.75 -13.5 8.4375)
(-13.5 -13.5 8.4375)
(-11.25 -13.5 8.4375)
(-9 -13.5 8.4375)
(-6.75 -13.5 8.4375)
(-4.5 -13.5 8.4375)
(-2.25 -13.5 8.4375)
(0 -13.5 8.4375)
(2.25 -13.5 8.4375)
(4.5 -13.5 8.4375)
(6.75 -13.5 8.4375)
(9 -13.5 8.4375)
(11.25 -13.5 8.4375)
(13.5 -13.5 8.4375)
(15.75 -13.5 8.4375)
(18 -13.5 8.4375)
(-18 -11.25 8.4375)
(-15.75 -11.25 8.4375)
(-13.5 -11.25 8.4375)
(-11.25 -11.25 8.4375)
(-9 -11.25 8.4375)
(-6.75 -11.25 8.4375)
(-4.5 -11.25 8.4375)
(-2.25 -11.25 8.4375)
(0 -11.25 8.4375)
(2.25 -11.25 8.4375)
(4.5 -11.25 8.4375)
(6.75 -11.25 8.4375)
(9 -11.25 8.4375)
(11.25 -11.25 8.4375)
(13.5 -11.25 8.4375)
(15.75 -11.25 8.4375)
(18 -11.25 8.4375)
(-18 -9 8.4375)
(-15.75 -9 8.4375)
(-13.5 -9 8.4375)
(-11.25 -9 8.4375)
(-9 -9 8.4375)
(-6.75 -9 8.4375)
(-4.5 -9 8.4375)
(-2.25 -9 8.4375)
(0 -9 8.4375)
(2.25 -9 8.4375)
(4.5 -9 8.4375)
(6.75 -9 8.4375)
(9 -9 8.4375)
(11.25 -9 8.4375)
(13.5 -9 8.4375)
(15.75 -9 8.4375)
(18 -9 8.4375)
(-18 -6.75 8.4375)
(-15.75 -6.75 8.4375)
(-13.5 -6.75 8.4375)
(-11.25 -6.75 8.4375)
(-9 -6.75 8.4375)
(-6.75 -6.75 8.4375)
(-4.5 -6.75 8.4375)
(-2.25 -6.75 8.4375)
(0 -6.75 8.4375)
(2.25 -6.75 8.4375)
(4.5 -6.75 8.4375)
(6.75 -6.75 8.4375)
(9 -6.75 8.4375)
(11.25 -6.75 8.4375)
(13.5 -6.75 8.4375)
(15.75 -6.75 8.4375)
(18 -6.75 8.4375)
(-18 -4.5 8.4375)
(-15.75 -4.5 8.4375)
(-13.5 -4.5 8.4375)
(-11.25 -4.5 8.4375)
(-9 -4.5 8.4375)
(-6.75 -4.5 8.4375)
(-4.5 -4.5 8.4375)
(-2.25 -4.5 8.4375)
(0 -4.5 8.4375)
(2.25 -4.5 8.4375)
(4.5 -4.5 8.4375)
(6.75 -4.5 8.4375)
(9 -4.5 8.4375)
(11.25 -4.5 8.4375)
(13.5 -4.5 8.4375)
(15.75 -4.5 8.4375)
(18 -4.5 8.4375)
(-18 -2.25 8.4375)
(-15.75 -2.25 8.4375)
(-13.5 -2.25 8.4375)
(-11.25 -2.25 8.4375)
(-9 -2.25 8.4375)
(-6.75 -2.25 8.4375)
(-4.5 -2.25 8.4375)
(-2.25 -2.25 8.4375)
(0 -2.25 8.4375)
(2.25 -2.25 8.4375)
(4.5 -2.25 8.4375)
(6.75 -2.25 8.4375)
(9 -2.25 8.4375)
(11.25 -2.25 8.4375)
(13.5 -2.25 8.4375)
(15.75 -2.25 8.4375)
(18 -2.25 8.4375)
(-18 0 8.4375)
(-15.75 0 8.4375)
(-13.5 0 8.4375)
(-11.25 0 8.4375)
(-9 0 8.4375)
(-6.75 0 8.4375)
(-4.5 0 8.4375)
(-2.25 0 8.4375)
(0 0 8.4375)
(2.25 0 8.4375)
(4.5 0 8.4375)
(6.75 0 8.4375)
(9 0 8.4375)
(11.25 0 8.4375)
(13.5 0 8.4375)
(15.75 0 8.4375)
(18 0 8.4375)
(-18 2.25 8.4375)
(-15.75 2.25 8.4375)
(-13.5 2.25 8.4375)
(-11.25 2.25 8.4375)
(-9 2.25 8.4375)
(-6.75 2.25 8.4375)
(-4.5 2.25 8.4375)
(-2.25 2.25 8.4375)
(0 2.25 8.4375)
(2.25 2.25 8.4375)
(4.5 2.25 8.4375)
(6.75 2.25 8.4375)
(9 2.25 8.4375)
(11.25 2.25 8.4375)
(13.5 2.25 8.4375)
(15.75 2.25 8.4375)
(18 2.25 8.4375)
(-18 4.5 8.4375)
(-15.75 4.5 8.4375)
(-13.5 4.5 8.4375)
(-11.25 4.5 8.4375)
(-9 4.5 8.4375)
(-6.75 4.5 8.4375)
(-4.5 4.5 8.4375)
(-2.25 4.5 8.4375)
(0 4.5 8.4375)
(2.25 4.5 8.4375)
(4.5 4.5 8.4375)
(6.75 4.5 8.4375)
(9 4.5 8.4375)
(11.25 4.5 8.4375)
(13.5 4.5 8.4375)
(15.75 4.5 8.4375)
(18 4.5 8.4375)
(-18 6.75 8.4375)
(-15.75 6.75 8.4375)
(-13.5 6.75 8.4375)
(-11.25 6.75 8.4375)
(-9 6.75 8.4375)
(-6.75 6.75 8.4375)
(-4.5 6.75 8.4375)
(-2.25 6.75 8.4375)
(0 6.75 8.4375)
(2.25 6.75 8.4375)
(4.5 6.75 8.4375)
(6.75 6.75 8.4375)
(9 6.75 8.4375)
(11.25 6.75 8.4375)
(13.5 6.75 8.4375)
(15.75 6.75 8.4375)
(18 6.75 8.4375)
(-18 9 8.4375)
(-15.75 9 8.4375)
(-13.5 9 8.4375)
(-11.25 9 8.4375)
(-9 9 8.4375)
(-6.75 9 8.4375)
(-4.5 9 8.4375)
(-2.25 9 8.4375)
(0 9 8.4375)
(2.25 9 8.4375)
(4.5 9 8.4375)
(6.75 9 8.4375)
(9 9 8.4375)
(11.25 9 8.4375)
(13.5 9 8.4375)
(15.75 9 8.4375)
(18 9 8.4375)
(-18 11.25 8.4375)
(-15.75 11.25 8.4375)
(-13.5 11.25 8.4375)
(-11.25 11.25 8.4375)
(-9 11.25 8.4375)
(-6.75 11.25 8.4375)
(-4.5 11.25 8.4375)
(-2.25 11.25 8.4375)
(0 11.25 8.4375)
(2.25 11.25 8.4375)
(4.5 11.25 8.4375)
(6.75 11.25 8.4375)
(9 11.25 8.4375)
(11.25 11.25 8.4375)
(13.5 11.25 8.4375)
(15.75 11.25 8.4375)
(18 11.25 8.4375)
(-18 13.5 8.4375)
(-15.75 13.5 8.4375)
(-13.5 13.5 8.4375)
(-11.25 13.5 8.4375)
(-9 13.5 8.4375)
(-6.75 13.5 8.4375)
(-4.5 13.5 8.4375)
(-2.25 13.5 8.4375)
(0 13.5 8.4375)
(2.25 13.5 8.4375)
(4.5 13.5 8.4375)
(6.75 13.5 8.4375)
(9 13.5 8.4375)
(11.25 13.5 8.4375)
(13.5 13.5 8.4375)
(15.75 13.5 8.4375)
(18 13.5 8.4375)
(-18 15.75 8.4375)
(-15.75 15.75 8.4375)
(-13.5 15.75 8.4375)
(-11.25 15.75 8.4375)
(-9 15.75 8.4375)
(-6.75 15.75 8.4375)
(-4.5 15.75 8.4375)
(-2.25 15.75 8.4375)
(0 15.75 8.4375)
(2.25 15.75 8.4375)
(4.5 15.75 8.4375)
(6.75 15.75 8.4375)
(9 15.75 8.4375)
(11.25 15.75 8.4375)
(13.5 15.75 8.4375)
(15.75 15.75 8.4375)
(18 15.75 8.4375)
(-18 18 8.4375)
(-15.75 18 8.4375)
(-13.5 18 8.4375)
(-11.25 18 8.4375)
(-9 18 8.4375)
(-6.75 18 8.4375)
(-4.5 18 8.4375)
(-2.25 18 8.4375)
(0 18 8.4375)
(2.25 18 8.4375)
(4.5 18 8.4375)
(6.75 18 8.4375)
(9 18 8.4375)
(11.25 18 8.4375)
(13.5 18 8.4375)
(15.75 18 8.4375)
(18 18 8.4375)
(-18 -18 11.25)
(-15.75 -18 11.25)
(-13.5 -18 11.25)
(-11.25 -18 11.25)
(-9 -18 11.25)
(-6.75 -18 11.25)
(-4.5 -18 11.25)
(-2.25 -18 11.25)
(0 -18 11.25)
(2.25 -18 11.25)
(4.5 -18 11.25)
(6.75 -18 11.25)
(9 -18 11.25)
(11.25 -18 11.25)
(13.5 -18 11.25)
(15.75 -18 11.25)
(18 -18 11.25)
(-18 -15.75 11.25)
(-15.75 -15.75 11.25)
(-13.5 -15.75 11.25)
(-11.25 -15.75 11.25)
(-9 -15.75 11.25)
(-6.75 -15.75 11.25)
(-4.5 -15.75 11.25)
(-2.25 -15.75 11.25)
(0 -15.75 11.25)
(2.25 -15.75 11.25)
(4.5 -15.75 11.25)
(6.75 -15.75 11.25)
(9 -15.75 11.25)
(11.25 -15.75 11.25)
(13.5 -15.75 11.25)
(15.75 -15.75 11.25)
(18 -15.75 11.25)
(-18 -13.5 11.25)
(-15.75 -13.5 11.25)
(-13.5 -13.5 11.25)
(-11.25 -13.5 11.25)
(-9 -13.5 11.25)
(-6.75 -13.5 11.25)
(-4.5 -13.5 11.25)
(-2.25 -13.5 11.25)
(0 -13.5 11.25)
(2.25 -13.5 11.25)
(4.5 -13.5 11.25)
(6.75 -13.5 11.25)
(9 -13.5 11.25)
(11.25 -13.5 11.25)
(13.5 -13.5 11.25)
(15.75 -13.5 11.25)
(18 -13.5 11.25)
(-18 -11.25 11.25)
(-15.75 -11.25 11.25)
(-13.5 -11.25 11.25)
(-11.25 -11.25 11.25)
(-9 -11.25 11.25)
(-6.75 -11.25 11.25)
(-4.5 -11.25 11.25)
(-2.25 -11.25 11.25)
(0 -11.25 11.25)
(2.25 -11.25 11.25)
(4.5 -11.25 11.25)
(6.75 -11.25 11.25)
(9 -11.25 11.25)
(11.25 -11.25 11.25)
(13.5 -11.25 11.25)
(15.75 -11.25 11.25)
(18 -11.25 11.25)
(-18 -9 11.25)
(-15.75 -9 11.25)
(-13.5 -9 11.25)
(-11.25 -9 11.25)
(-9 -9 11.25)
(-6.75 -9 11.25)
(-4.5 -9 11.25)
(-2.25 -9 11.25)
(0 -9 11.25)
(2.25 -9 11.25)
(4.5 -9 11.25)
(6.75 -9 11.25)
(9 -9 11.25)
(11.25 -9 11.25)
(13.5 -9 11.25)
(15.75 -9 11.25)
(18 -9 11.25)
(-18 -6.75 11.25)
(-15.75 -6.75 11.25)
(-13.5 -6.75 11.25)
(-11.25 -6.75 11.25)
(-9 -6.75 11.25)
(-6.75 -6.75 11.25)
(-4.5 -6.75 11.25)
(-2.25 -6.75 11.25)
(0 -6.75 11.25)
(2.25 -6.75 11.25)
(4.5 -6.75 11.25)
(6.75 -6.75 11.25)
(9 -6.75 11.25)
(11.25 -6.75 11.25)
(13.5 -6.75 11.25)
(15.75 -6.75 11.25)
(18 -6.75 11.25)
(-18 -4.5 11.25)
(-15.75 -4.5 11.25)
(-13.5 -4.5 11.25)
(-11.25 -4.5 11.25)
(-9 -4.5 11.25)
(-6.75 -4.5 11.25)
(-4.5 -4.5 11.25)
(-2.25 -4.5 11.25)
(0 -4.5 11.25)
(2.25 -4.5 11.25)
(4.5 -4.5 11.25)
(6.75 -4.5 11.25)
(9 -4.5 11.25)
(11.25 -4.5 11.25)
(13.5 -4.5 11.25)
(15.75 -4.5 11.25)
(18 -4.5 11.25)
(-18 -2.25 11.25)
(-15.75 -2.25 11.25)
(-13.5 -2.25 11.25)
(-11.25 -2.25 11.25)
(-9 -2.25 11.25)
(-6.75 -2.25 11.25)
(-4.5 -2.25 11.25)
(-2.25 -2.25 11.25)
(0 -2.25 11.25)
(2.25 -2.25 11.25)
(4.5 -2.25 11.25)
(6.75 -2.25 11.25)
(9 -2.25 11.25)
(11.25 -2.25 11.25)
(13.5 -2.25 11.25)
(15.75 -2.25 11.25)
(18 -2.25 11.25)
(-18 0 11.25)
(-15.75 0 11.25)
(-13.5 0 11.25)
(-11.25 0 11.25)
(-9 0 11.25)
(-6.75 0 11.25)
(-4.5 0 11.25)
(-2.25 0 11.25)
(0 0 11.25)
(2.25 0 11.25)
(4.5 0 11.25)
(6.75 0 11.25)
(9 0 11.25)
(11.25 0 11.25)
(13.5 0 11.25)
(15.75 0 11.25)
(18 0 11.25)
(-18 2.25 11.25)
(-15.75 2.25 11.25)
(-13.5 2.25 11.25)
(-11.25 2.25 11.25)
(-9 2.25 11.25)
(-6.75 2.25 11.25)
(-4.5 2.25 11.25)
(-2.25 2.25 11.25)
(0 2.25 11.25)
(2.25 2.25 11.25)
(4.5 2.25 11.25)
(6.75 2.25 11.25)
(9 2.25 11.25)
(11.25 2.25 11.25)
(13.5 2.25 11.25)
(15.75 2.25 11.25)
(18 2.25 11.25)
(-18 4.5 11.25)
(-15.75 4.5 11.25)
(-13.5 4.5 11.25)
(-11.25 4.5 11.25)
(-9 4.5 11.25)
(-6.75 4.5 11.25)
(-4.5 4.5 11.25)
(-2.25 4.5 11.25)
(0 4.5 11.25)
(2.25 4.5 11.25)
(4.5 4.5 11.25)
(6.75 4.5 11.25)
(9 4.5 11.25)
(11.25 4.5 11.25)
(13.5 4.5 11.25)
(15.75 4.5 11.25)
(18 4.5 11.25)
(-18 6.75 11.25)
(-15.75 6.75 11.25)
(-13.5 6.75 11.25)
(-11.25 6.75 11.25)
(-9 6.75 11.25)
(-6.75 6.75 11.25)
(-4.5 6.75 11.25)
(-2.25 6.75 11.25)
(0 6.75 11.25)
(2.25 6.75 11.25)
(4.5 6.75 11.25)
(6.75 6.75 11.25)
(9 6.75 11.25)
(11.25 6.75 11.25)
(13.5 6.75 11.25)
(15.75 6.75 11.25)
(18 6.75 11.25)
(-18 9 11.25)
(-15.75 9 11.25)
(-13.5 9 11.25)
(-11.25 9 11.25)
(-9 9 11.25)
(-6.75 9 11.25)
(-4.5 9 11.25)
(-2.25 9 11.25)
(0 9 11.25)
(2.25 9 11.25)
(4.5 9 11.25)
(6.75 9 11.25)
(9 9 11.25)
(11.25 9 11.25)
(13.5 9 11.25)
(15.75 9 11.25)
(18 9 11.25)
(-18 11.25 11.25)
(-15.75 11.25 11.25)
(-13.5 11.25 11.25)
(-11.25 11.25 11.25)
(-9 11.25 11.25)
(-6.75 11.25 11.25)
(-4.5 11.25 11.25)
(-2.25 11.25 11.25)
(0 11.25 11.25)
(2.25 11.25 11.25)
(4.5 11.25 11.25)
(6.75 11.25 11.25)
(9 11.25 11.25)
(11.25 11.25 11.25)
(13.5 11.25 11.25)
(15.75 11.25 11.25)
(18 11.25 11.25)
(-18 13.5 11.25)
(-15.75 13.5 11.25)
(-13.5 13.5 11.25)
(-11.25 13.5 11.25)
(-9 13.5 11.25)
(-6.75 13.5 11.25)
(-4.5 13.5 11.25)
(-2.25 13.5 11.25)
(0 13.5 11.25)
(2.25 13.5 11.25)
(4.5 13.5 11.25)
(6.75 13.5 11.25)
(9 13.5 11.25)
(11.25 13.5 11.25)
(13.5 13.5 11.25)
(15.75 13.5 11.25)
(18 13.5 11.25)
(-18 15.75 11.25)
(-15.75 15.75 11.25)
(-13.5 15.75 11.25)
(-11.25 15.75 11.25)
(-9 15.75 11.25)
(-6.75 15.75 11.25)
(-4.5 15.75 11.25)
(-2.25 15.75 11.25)
(0 15.75 11.25)
(2.25 15.75 11.25)
(4.5 15.75 11.25)
(6.75 15.75 11.25)
(9 15.75 11.25)
(11.25 15.75 11.25)
(13.5 15.75 11.25)
(15.75 15.75 11.25)
(18 15.75 11.25)
(-18 18 11.25)
(-15.75 18 11.25)
(-13.5 18 11.25)
(-11.25 18 11.25)
(-9 18 11.25)
(-6.75 18 11.25)
(-4.5 18 11.25)
(-2.25 18 11.25)
(0 18 11.25)
(2.25 18 11.25)
(4.5 18 11.25)
(6.75 18 11.25)
(9 18 11.25)
(11.25 18 11.25)
(13.5 18 11.25)
(15.75 18 11.25)
(18 18 11.25)
(-18 -18 14.0625)
(-15.75 -18 14.0625)
(-13.5 -18 14.0625)
(-11.25 -18 14.0625)
(-9 -18 14.0625)
(-6.75 -18 14.0625)
(-4.5 -18 14.0625)
(-2.25 -18 14.0625)
(0 -18 14.0625)
(2.25 -18 14.0625)
(4.5 -18 14.0625)
(6.75 -18 14.0625)
(9 -18 14.0625)
(11.25 -18 14.0625)
(13.5 -18 14.0625)
(15.75 -18 14.0625)
(18 -18 14.0625)
(-18 -15.75 14.0625)
(-15.75 -15.75 14.0625)
(-13.5 -15.75 14.0625)
(-11.25 -15.75 14.0625)
(-9 -15.75 14.0625)
(-6.75 -15.75 14.0625)
(-4.5 -15.75 14.0625)
(-2.25 -15.75 14.0625)
(0 -15.75 14.0625)
(2.25 -15.75 14.0625)
(4.5 -15.75 14.0625)
(6.75 -15.75 14.0625)
(9 -15.75 14.0625)
(11.25 -15.75 14.0625)
(13.5 -15.75 14.0625)
(15.75 -15.75 14.0625)
(18 -15.75 14.0625)
(-18 -13.5 14.0625)
(-15.75 -13.5 14.0625)
(-13.5 -13.5 14.0625)
(-11.25 -13.5 14.0625)
(-9 -13.5 14.0625)
(-6.75 -13.5 14.0625)
(-4.5 -13.5 14.0625)
(-2.25 -13.5 14.0625)
(0 -13.5 14.0625)
(2.25 -13.5 14.0625)
(4.5 -13.5 14.0625)
(6.75 -13.5 14.0625)
(9 -13.5 14.0625)
(11.25 -13.5 14.0625)
(13.5 -13.5 14.0625)
(15.75 -13.5 14.0625)
(18 -13.5 14.0625)
(-18 -11.25 14.0625)
(-15.75 -11.25 14.0625)
(-13.5 -11.25 14.0625)
(-11.25 -11.25 14.0625)
(-9 -11.25 14.0625)
(-6.75 -11.25 14.0625)
(-4.5 -11.25 14.0625)
(-2.25 -11.25 14.0625)
(0 -11.25 14.0625)
(2.25 -11.25 14.0625)
(4.5 -11.25 14.0625)
(6.75 -11.25 14.0625)
(9 -11.25 14.0625)
(11.25 -11.25 14.0625)
(13.5 -11.25 14.0625)
(15.75 -11.25 14.0625)
(18 -11.25 14.0625)
(-18 -9 14.0625)
(-15.75 -9 14.0625)
(-13.5 -9 14.0625)
(-11.25 -9 14.0625)
(-9 -9 14.0625)
(-6.75 -9 14.0625)
(-4.5 -9 14.0625)
(-2.25 -9 14.0625)
(0 -9 14.0625)
(2.25 -9 14.0625)
(4.5 -9 14.0625)
(6.75 -9 14.0625)
(9 -9 14.0625)
(11.25 -9 14.0625)
(13.5 -9 14.0625)
(15.75 -9 14.0625)
(18 -9 14.0625)
(-18 -6.75 14.0625)
(-15.75 -6.75 14.0625)
(-13.5 -6.75 14.0625)
(-11.25 -6.75 14.0625)
(-9 -6.75 14.0625)
(-6.75 -6.75 14.0625)
(-4.5 -6.75 14.0625)
(-2.25 -6.75 14.0625)
(0 -6.75 14.0625)
(2.25 -6.75 14.0625)
(4.5 -6.75 14.0625)
(6.75 -6.75 14.0625)
(9 -6.75 14.0625)
(11.25 -6.75 14.0625)
(13.5 -6.75 14.0625)
(15.75 -6.75 14.0625)
(18 -6.75 14.0625)
(-18 -4.5 14.0625)
(-15.75 -4.5 14.0625)
(-13.5 -4.5 14.0625)
(-11.25 -4.5 14.0625)
(-9 -4.5 14.0625)
(-6.75 -4.5 14.0625)
(-4.5 -4.5 14.0625)
(-2.25 -4.5 14.0625)
(0 -4.5 14.0625)
(2.25 -4.5 14.0625)
(4.5 -4.5 14.0625)
(6.75 -4.5 14.0625)
(9 -4.5 14.0625)
(11.25 -4.5 14.0625)
(13.5 -4.5 14.0625)
(15.75 -4.5 14.0625)
(18 -4.5 14.0625)
(-18 -2.25 14.0625)
(-15.75 -2.25 14.0625)
(-13.5 -2.25 14.0625)
(-11.25 -2.25 14.0625)
(-9 -2.25 14.0625)
(-6.75 -2.25 14.0625)
(-4.5 -2.25 14.0625)
(-2.25 -2.25 14.0625)
(0 -2.25 14.0625)
(2.25 -2.25 14.0625)
(4.5 -2.25 14.0625)
(6.75 -2.25 14.0625)
(9 -2.25 14.0625)
(11.25 -2.25 14.0625)
(13.5 -2.25 14.0625)
(15.75 -2.25 14.0625)
(18 -2.25 14.0625)
(-18 0 14.0625)
(-15.75 0 14.0625)
(-13.5 0 14.0625)
(-11.25 0 14.0625)
(-9 0 14.0625)
(-6.75 0 14.0625)
(-4.5 0 14.0625)
(-2.25 0 14.0625)
(0 0 14.0625)
(2.25 0 14.0625)
(4.5 0 14.0625)
(6.75 0 14.0625)
(9 0 14.0625)
(11.25 0 14.0625)
(13.5 0 14.0625)
(15.75 0 14.0625)
(18 0 14.0625)
(-18 2.25 14.0625)
(-15.75 2.25 14.0625)
(-13.5 2.25 14.0625)
(-11.25 2.25 14.0625)
(-9 2.25 14.0625)
(-6.75 2.25 14.0625)
(-4.5 2.25 14.0625)
(-2.25 2.25 14.0625)
(0 2.25 14.0625)
(2.25 2.25 14.0625)
(4.5 2.25 14.0625)
(6.75 2.25 14.0625)
(9 2.25 14.0625)
(11.25 2.25 14.0625)
(13.5 2.25 14.0625)
(15.75 2.25 14.0625)
(18 2.25 14.0625)
(-18 4.5 14.0625)
(-15.75 4.5 14.0625)
(-13.5 4.5 14.0625)
(-11.25 4.5 14.0625)
(-9 4.5 14.0625)
(-6.75 4.5 14.0625)
(-4.5 4.5 14.0625)
(-2.25 4.5 14.0625)
(0 4.5 14.0625)
(2.25 4.5 14.0625)
(4.5 4.5 14.0625)
(6.75 4.5 14.0625)
(9 4.5 14.0625)
(11.25 4.5 14.0625)
(13.5 4.5 14.0625)
(15.75 4.5 14.0625)
(18 4.5 14.0625)
(-18 6.75 14.0625)
(-15.75 6.75 14.0625)
(-13.5 6.75 14.0625)
(-11.25 6.75 14.0625)
(-9 6.75 14.0625)
(-6.75 6.75 14.0625)
(-4.5 6.75 14.0625)
(-2.25 6.75 14.0625)
(0 6.75 14.0625)
(2.25 6.75 14.0625)
(4.5 6.75 14.0625)
(6.75 6.75 14.0625)
(9 6.75 14.0625)
(11.25 6.75 14.0625)
(13.5 6.75 14.0625)
(15.75 6.75 14.0625)
(18 6.75 14.0625)
(-18 9 14.0625)
(-15.75 9 14.0625)
(-13.5 9 14.0625)
(-11.25 9 14.0625)
(-9 9 14.0625)
(-6.75 9 14.0625)
(-4.5 9 14.0625)
(-2.25 9 14.0625)
(0 9 14.0625)
(2.25 9 14.0625)
(4.5 9 14.0625)
(6.75 9 14.0625)
(9 9 14.0625)
(11.25 9 14.0625)
(13.5 9 14.0625)
(15.75 9 14.0625)
(18 9 14.0625)
(-18 11.25 14.0625)
(-15.75 11.25 14.0625)
(-13.5 11.25 14.0625)
(-11.25 11.25 14.0625)
(-9 11.25 14.0625)
(-6.75 11.25 14.0625)
(-4.5 11.25 14.0625)
(-2.25 11.25 14.0625)
(0 11.25 14.0625)
(2.25 11.25 14.0625)
(4.5 11.25 14.0625)
(6.75 11.25 14.0625)
(9 11.25 14.0625)
(11.25 11.25 14.0625)
(13.5 11.25 14.0625)
(15.75 11.25 14.0625)
(18 11.25 14.0625)
(-18 13.5 14.0625)
(-15.75 13.5 14.0625)
(-13.5 13.5 14.0625)
(-11.25 13.5 14.0625)
(-9 13.5 14.0625)
(-6.75 13.5 14.0625)
(-4.5 13.5 14.0625)
(-2.25 13.5 14.0625)
(0 13.5 14.0625)
(2.25 13.5 14.0625)
(4.5 13.5 14.0625)
(6.75 13.5 14.0625)
(9 13.5 14.0625)
(11.25 13.5 14.0625)
(13.5 13.5 14.0625)
(15.75 13.5 14.0625)
(18 13.5 14.0625)
(-18 15.75 14.0625)
(-15.75 15.75 14.0625)
(-13.5 15.75 14.0625)
(-11.25 15.75 14.0625)
(-9 15.75 14.0625)
(-6.75 15.75 14.0625)
(-4.5 15.75 14.0625)
(-2.25 15.75 14.0625)
(0 15.75 14.0625)
(2.25 15.75 14.0625)
(4.5 15.75 14.0625)
(6.75 15.75 14.0625)
(9 15.75 14.0625)
(11.25 15.75 14.0625)
(13.5 15.75 14.0625)
(15.75 15.75 14.0625)
(18 15.75 14.0625)
(-18 18 14.0625)
(-15.75 18 14.0625)
(-13.5 18 14.0625)
(-11.25 18 14.0625)
(-9 18 14.0625)
(-6.75 18 14.0625)
(-4.5 18 14.0625)
(-2.25 18 14.0625)
(0 18 14.0625)
(2.25 18 14.0625)
(4.5 18 14.0625)
(6.75 18 14.0625)
(9 18 14.0625)
(11.25 18 14.0625)
(13.5 18 14.0625)
(15.75 18 14.0625)
(18 18 14.0625)
(-18 -18 16.875)
(-15.75 -18 16.875)
(-13.5 -18 16.875)
(-11.25 -18 16.875)
(-9 -18 16.875)
(-6.75 -18 16.875)
(-4.5 -18 16.875)
(-2.25 -18 16.875)
(0 -18 16.875)
(2.25 -18 16.875)
(4.5 -18 16.875)
(6.75 -18 16.875)
(9 -18 16.875)
(11.25 -18 16.875)
(13.5 -18 16.875)
(15.75 -18 16.875)
(18 -18 16.875)
(-18 -15.75 16.875)
(-15.75 -15.75 16.875)
(-13.5 -15.75 16.875)
(-11.25 -15.75 16.875)
(-9 -15.75 16.875)
(-6.75 -15.75 16.875)
(-4.5 -15.75 16.875)
(-2.25 -15.75 16.875)
(0 -15.75 16.875)
(2.25 -15.75 16.875)
(4.5 -15.75 16.875)
(6.75 -15.75 16.875)
(9 -15.75 16.875)
(11.25 -15.75 16.875)
(13.5 -15.75 16.875)
(15.75 -15.75 16.875)
(18 -15.75 16.875)
(-18 -13.5 16.875)
(-15.75 -13.5 16.875)
(-13.5 -13.5 16.875)
(-11.25 -13.5 16.875)
(-9 -13.5 16.875)
(-6.75 -13.5 16.875)
(-4.5 -13.5 16.875)
(-2.25 -13.5 16.875)
(0 -13.5 16.875)
(2.25 -13.5 16.875)
(4.5 -13.5 16.875)
(6.75 -13.5 16.875)
(9 -13.5 16.875)
(11.25 -13.5 16.875)
(13.5 -13.5 16.875)
(15.75 -13.5 16.875)
(18 -13.5 16.875)
(-18 -11.25 16.875)
(-15.75 -11.25 16.875)
(-13.5 -11.25 16.875)
(-11.25 -11.25 16.875)
(-9 -11.25 16.875)
(-6.75 -11.25 16.875)
(-4.5 -11.25 16.875)
(-2.25 -11.25 16.875)
(0 -11.25 16.875)
(2.25 -11.25 16.875)
(4.5 -11.25 16.875)
(6.75 -11.25 16.875)
(9 -11.25 16.875)
(11.25 -11.25 16.875)
(13.5 -11.25 16.875)
(15.75 -11.25 16.875)
(18 -11.25 16.875)
(-18 -9 16.875)
(-15.75 -9 16.875)
(-13.5 -9 16.875)
(-11.25 -9 16.875)
(-9 -9 16.875)
(-6.75 -9 16.875)
(-4.5 -9 16.875)
(-2.25 -9 16.875)
(0 -9 16.875)
(2.25 -9 16.875)
(4.5 -9 16.875)
(6.75 -9 16.875)
(9 -9 16.875)
(11.25 -9 16.875)
(13.5 -9 16.875)
(15.75 -9 16.875)
(18 -9 16.875)
(-18 -6.75 16.875)
(-15.75 -6.75 16.875)
(-13.5 -6.75 16.875)
(-11.25 -6.75 16.875)
(-9 -6.75 16.875)
(-6.75 -6.75 16.875)
(-4.5 -6.75 16.875)
(-2.25 -6.75 16.875)
(0 -6.75 16.875)
(2.25 -6.75 16.875)
(4.5 -6.75 16.875)
(6.75 -6.75 16.875)
(9 -6.75 16.875)
(11.25 -6.75 16.875)
(13.5 -6.75 16.875)
(15.75 -6.75 16.875)
(18 -6.75 16.875)
(-18 -4.5 16.875)
(-15.75 -4.5 16.875)
(-13.5 -4.5 16.875)
(-11.25 -4.5 16.875)
(-9 -4.5 16.875)
(-6.75 -4.5 16.875)
(-4.5 -4.5 16.875)
(-2.25 -4.5 16.875)
(0 -4.5 16.875)
(2.25 -4.5 16.875)
(4.5 -4.5 16.875)
(6.75 -4.5 16.875)
(9 -4.5 16.875)
(11.25 -4.5 16.875)
(13.5 -4.5 16.875)
(15.75 -4.5 16.875)
(18 -4.5 16.875)
(-18 -2.25 16.875)
(-15.75 -2.25 16.875)
(-13.5 -2.25 16.875)
(-11.25 -2.25 16.875)
(-9 -2.25 16.875)
(-6.75 -2.25 16.875)
(-4.5 -2.25 16.875)
(-2.25 -2.25 16.875)
(0 -2.25 16.875)
(2.25 -2.25 16.875)
(4.5 -2.25 16.875)
(6.75 -2.25 16.875)
(9 -2.25 16.875)
(11.25 -2.25 16.875)
(13.5 -2.25 16.875)
(15.75 -2.25 16.875)
(18 -2.25 16.875)
(-18 0 16.875)
(-15.75 0 16.875)
(-13.5 0 16.875)
(-11.25 0 16.875)
(-9 0 16.875)
(-6.75 0 16.875)
(-4.5 0 16.875)
(-2.25 0 16.875)
(0 0 16.875)
(2.25 0 16.875)
(4.5 0 16.875)
(6.75 0 16.875)
(9 0 16.875)
(11.25 0 16.875)
(13.5 0 16.875)
(15.75 0 16.875)
(18 0 16.875)
(-18 2.25 16.875)
(-15.75 2.25 16.875)
(-13.5 2.25 16.875)
(-11.25 2.25 16.875)
(-9 2.25 16.875)
(-6.75 2.25 16.875)
(-4.5 2.25 16.875)
(-2.25 2.25 16.875)
(0 2.25 16.875)
(2.25 2.25 16.875)
(4.5 2.25 16.875)
(6.75 2.25 16.875)
(9 2.25 16.875)
(11.25 2.25 16.875)
(13.5 2.25 16.875)
(15.75 2.25 16.875)
(18 2.25 16.875)
(-18 4.5 16.875)
(-15.75 4.5 16.875)
(-13.5 4.5 16.875)
(-11.25 4.5 16.875)
(-9 4.5 16.875)
(-6.75 4.5 16.875)
(-4.5 4.5 16.875)
(-2.25 4.5 16.875)
(0 4.5 16.875)
(2.25 4.5 16.875)
(4.5 4.5 16.875)
(6.75 4.5 16.875)
(9 4.5 16.875)
(11.25 4.5 16.875)
(13.5 4.5 16.875)
(15.75 4.5 16.875)
(18 4.5 16.875)
(-18 6.75 16.875)
(-15.75 6.75 16.875)
(-13.5 6.75 16.875)
(-11.25 6.75 16.875)
(-9 6.75 16.875)
(-6.75 6.75 16.875)
(-4.5 6.75 16.875)
(-2.25 6.75 16.875)
(0 6.75 16.875)
(2.25 6.75 16.875)
(4.5 6.75 16.875)
(6.75 6.75 16.875)
(9 6.75 16.875)
(11.25 6.75 16.875)
(13.5 6.75 16.875)
(15.75 6.75 16.875)
(18 6.75 16.875)
(-18 9 16.875)
(-15.75 9 16.875)
(-13.5 9 16.875)
(-11.25 9 16.875)
(-9 9 16.875)
(-6.75 9 16.875)
(-4.5 9 16.875)
(-2.25 9 16.875)
(0 9 16.875)
(2.25 9 16.875)
(4.5 9 16.875)
(6.75 9 16.875)
(9 9 16.875)
(11.25 9 16.875)
(13.5 9 16.875)
(15.75 9 16.875)
(18 9 16.875)
(-18 11.25 16.875)
(-15.75 11.25 16.875)
(-13.5 11.25 16.875)
(-11.25 11.25 16.875)
(-9 11.25 16.875)
(-6.75 11.25 16.875)
(-4.5 11.25 16.875)
(-2.25 11.25 16.875)
(0 11.25 16.875)
(2.25 11.25 16.875)
(4.5 11.25 16.875)
(6.75 11.25 16.875)
(9 11.25 16.875)
(11.25 11.25 16.875)
(13.5 11.25 16.875)
(15.75 11.25 16.875)
(18 11.25 16.875)
(-18 13.5 16.875)
(-15.75 13.5 16.875)
(-13.5 13.5 16.875)
(-11.25 13.5 16.875)
(-9 13.5 16.875)
(-6.75 13.5 16.875)
(-4.5 13.5 16.875)
(-2.25 13.5 16.875)
(0 13.5 16.875)
(2.25 13.5 16.875)
(4.5 13.5 16.875)
(6.75 13.5 16.875)
(9 13.5 16.875)
(11.25 13.5 16.875)
(13.5 13.5 16.875)
(15.75 13.5 16.875)
(18 13.5 16.875)
(-18 15.75 16.875)
(-15.75 15.75 16.875)
(-13.5 15.75 16.875)
(-11.25 15.75 16.875)
(-9 15.75 16.875)
(-6.75 15.75 16.875)
(-4.5 15.75 16.875)
(-2.25 15.75 16.875)
(0 15.75 16.875)
(2.25 15.75 16.875)
(4.5 15.75 16.875)
(6.75 15.75 16.875)
(9 15.75 16.875)
(11.25 15.75 16.875)
(13.5 15.75 16.875)
(15.75 15.75 16.875)
(18 15.75 16.875)
(-18 18 16.875)
(-15.75 18 16.875)
(-13.5 18 16.875)
(-11.25 18 16.875)
(-9 18 16.875)
(-6.75 18 16.875)
(-4.5 18 16.875)
(-2.25 18 16.875)
(0 18 16.875)
(2.25 18 16.875)
(4.5 18 16.875)
(6.75 18 16.875)
(9 18 16.875)
(11.25 18 16.875)
(13.5 18 16.875)
(15.75 18 16.875)
(18 18 16.875)
(-18 -18 19.6875)
(-15.75 -18 19.6875)
(-13.5 -18 19.6875)
(-11.25 -18 19.6875)
(-9 -18 19.6875)
(-6.75 -18 19.6875)
(-4.5 -18 19.6875)
(-2.25 -18 19.6875)
(0 -18 19.6875)
(2.25 -18 19.6875)
(4.5 -18 19.6875)
(6.75 -18 19.6875)
(9 -18 19.6875)
(11.25 -18 19.6875)
(13.5 -18 19.6875)
(15.75 -18 19.6875)
(18 -18 19.6875)
(-18 -15.75 19.6875)
(-15.75 -15.75 19.6875)
(-13.5 -15.75 19.6875)
(-11.25 -15.75 19.6875)
(-9 -15.75 19.6875)
(-6.75 -15.75 19.6875)
(-4.5 -15.75 19.6875)
(-2.25 -15.75 19.6875)
(0 -15.75 19.6875)
(2.25 -15.75 19.6875)
(4.5 -15.75 19.6875)
(6.75 -15.75 19.6875)
(9 -15.75 19.6875)
(11.25 -15.75 19.6875)
(13.5 -15.75 19.6875)
(15.75 -15.75 19.6875)
(18 -15.75 19.6875)
(-18 -13.5 19.6875)
(-15.75 -13.5 19.6875)
(-13.5 -13.5 19.6875)
(-11.25 -13.5 19.6875)
(-9 -13.5 19.6875)
(-6.75 -13.5 19.6875)
(-4.5 -13.5 19.6875)
(-2.25 -13.5 19.6875)
(0 -13.5 19.6875)
(2.25 -13.5 19.6875)
(4.5 -13.5 19.6875)
(6.75 -13.5 19.6875)
(9 -13.5 19.6875)
(11.25 -13.5 19.6875)
(13.5 -13.5 19.6875)
(15.75 -13.5 19.6875)
(18 -13.5 19.6875)
(-18 -11.25 19.6875)
(-15.75 -11.25 19.6875)
(-13.5 -11.25 19.6875)
(-11.25 -11.25 19.6875)
(-9 -11.25 19.6875)
(-6.75 -11.25 19.6875)
(-4.5 -11.25 19.6875)
(-2.25 -11.25 19.6875)
(0 -11.25 19.6875)
(2.25 -11.25 19.6875)
(4.5 -11.25 19.6875)
(6.75 -11.25 19.6875)
(9 -11.25 19.6875)
(11.25 -11.25 19.6875)
(13.5 -11.25 19.6875)
(15.75 -11.25 19.6875)
(18 -11.25 19.6875)
(-18 -9 19.6875)
(-15.75 -9 19.6875)
(-13.5 -9 19.6875)
(-11.25 -9 19.6875)
(-9 -9 19.6875)
(-6.75 -9 19.6875)
(-4.5 -9 19.6875)
(-2.25 -9 19.6875)
(0 -9 19.6875)
(2.25 -9 19.6875)
(4.5 -9 19.6875)
(6.75 -9 19.6875)
(9 -9 19.6875)
(11.25 -9 19.6875)
(13.5 -9 19.6875)
(15.75 -9 19.6875)
(18 -9 19.6875)
(-18 -6.75 19.6875)
(-15.75 -6.75 19.6875)
(-13.5 -6.75 19.6875)
(-11.25 -6.75 19.6875)
(-9 -6.75 19.6875)
(-6.75 -6.75 19.6875)
(-4.5 -6.75 19.6875)
(-2.25 -6.75 19.6875)
(0 -6.75 19.6875)
(2.25 -6.75 19.6875)
(4.5 -6.75 19.6875)
(6.75 -6.75 19.6875)
(9 -6.75 19.6875)
(11.25 -6.75 19.6875)
(13.5 -6.75 19.6875)
(15.75 -6.75 19.6875)
(18 -6.75 19.6875)
(-18 -4.5 19.6875)
(-15.75 -4.5 19.6875)
(-13.5 -4.5 19.6875)
(-11.25 -4.5 19.6875)
(-9 -4.5 19.6875)
(-6.75 -4.5 19.6875)
(-4.5 -4.5 19.6875)
(-2.25 -4.5 19.6875)
(0 -4.5 19.6875)
(2.25 -4.5 19.6875)
(4.5 -4.5 19.6875)
(6.75 -4.5 19.6875)
(9 -4.5 19.6875)
(11.25 -4.5 19.6875)
(13.5 -4.5 19.6875)
(15.75 -4.5 19.6875)
(18 -4.5 19.6875)
(-18 -2.25 19.6875)
(-15.75 -2.25 19.6875)
(-13.5 -2.25 19.6875)
(-11.25 -2.25 19.6875)
(-9 -2.25 19.6875)
(-6.75 -2.25 19.6875)
(-4.5 -2.25 19.6875)
(-2.25 -2.25 19.6875)
(0 -2.25 19.6875)
(2.25 -2.25 19.6875)
(4.5 -2.25 19.6875)
(6.75 -2.25 19.6875)
(9 -2.25 19.6875)
(11.25 -2.25 19.6875)
(13.5 -2.25 19.6875)
(15.75 -2.25 19.6875)
(18 -2.25 19.6875)
(-18 0 19.6875)
(-15.75 0 19.6875)
(-13.5 0 19.6875)
(-11.25 0 19.6875)
(-9 0 19.6875)
(-6.75 0 19.6875)
(-4.5 0 19.6875)
(-2.25 0 19.6875)
(0 0 19.6875)
(2.25 0 19.6875)
(4.5 0 19.6875)
(6.75 0 19.6875)
(9 0 19.6875)
(11.25 0 19.6875)
(13.5 0 19.6875)
(15.75 0 19.6875)
(18 0 19.6875)
(-18 2.25 19.6875)
(-15.75 2.25 19.6875)
(-13.5 2.25 19.6875)
(-11.25 2.25 19.6875)
(-9 2.25 19.6875)
(-6.75 2.25 19.6875)
(-4.5 2.25 19.6875)
(-2.25 2.25 19.6875)
(0 2.25 19.6875)
(2.25 2.25 19.6875)
(4.5 2.25 19.6875)
(6.75 2.25 19.6875)
(9 2.25 19.6875)
(11.25 2.25 19.6875)
(13.5 2.25 19.6875)
(15.75 2.25 19.6875)
(18 2.25 19.6875)
(-18 4.5 19.6875)
(-15.75 4.5 19.6875)
(-13.5 4.5 19.6875)
(-11.25 4.5 19.6875)
(-9 4.5 19.6875)
(-6.75 4.5 19.6875)
(-4.5 4.5 19.6875)
(-2.25 4.5 19.6875)
(0 4.5 19.6875)
(2.25 4.5 19.6875)
(4.5 4.5 19.6875)
(6.75 4.5 19.6875)
(9 4.5 19.6875)
(11.25 4.5 19.6875)
(13.5 4.5 19.6875)
(15.75 4.5 19.6875)
(18 4.5 19.6875)
(-18 6.75 19.6875)
(-15.75 6.75 19.6875)
(-13.5 6.75 19.6875)
(-11.25 6.75 19.6875)
(-9 6.75 19.6875)
(-6.75 6.75 19.6875)
(-4.5 6.75 19.6875)
(-2.25 6.75 19.6875)
(0 6.75 19.6875)
(2.25 6.75 19.6875)
(4.5 6.75 19.6875)
(6.75 6.75 19.6875)
(9 6.75 19.6875)
(11.25 6.75 19.6875)
(13.5 6.75 19.6875)
(15.75 6.75 19.6875)
(18 6.75 19.6875)
(-18 9 19.6875)
(-15.75 9 19.6875)
(-13.5 9 19.6875)
(-11.25 9 19.6875)
(-9 9 19.6875)
(-6.75 9 19.6875)
(-4.5 9 19.6875)
(-2.25 9 19.6875)
(0 9 19.6875)
(2.25 9 19.6875)
(4.5 9 19.6875)
(6.75 9 19.6875)
(9 9 19.6875)
(11.25 9 19.6875)
(13.5 9 19.6875)
(15.75 9 19.6875)
(18 9 19.6875)
(-18 11.25 19.6875)
(-15.75 11.25 19.6875)
(-13.5 11.25 19.6875)
(-11.25 11.25 19.6875)
(-9 11.25 19.6875)
(-6.75 11.25 19.6875)
(-4.5 11.25 19.6875)
(-2.25 11.25 19.6875)
(0 11.25 19.6875)
(2.25 11.25 19.6875)
(4.5 11.25 19.6875)
(6.75 11.25 19.6875)
(9 11.25 19.6875)
(11.25 11.25 19.6875)
(13.5 11.25 19.6875)
(15.75 11.25 19.6875)
(18 11.25 19.6875)
(-18 13.5 19.6875)
(-15.75 13.5 19.6875)
(-13.5 13.5 19.6875)
(-11.25 13.5 19.6875)
(-9 13.5 19.6875)
(-6.75 13.5 19.6875)
(-4.5 13.5 19.6875)
(-2.25 13.5 19.6875)
(0 13.5 19.6875)
(2.25 13.5 19.6875)
(4.5 13.5 19.6875)
(6.75 13.5 19.6875)
(9 13.5 19.6875)
(11.25 13.5 19.6875)
(13.5 13.5 19.6875)
(15.75 13.5 19.6875)
(18 13.5 19.6875)
(-18 15.75 19.6875)
(-15.75 15.75 19.6875)
(-13.5 15.75 19.6875)
(-11.25 15.75 19.6875)
(-9 15.75 19.6875)
(-6.75 15.75 19.6875)
(-4.5 15.75 19.6875)
(-2.25 15.75 19.6875)
(0 15.75 19.6875)
(2.25 15.75 19.6875)
(4.5 15.75 19.6875)
(6.75 15.75 19.6875)
(9 15.75 19.6875)
(11.25 15.75 19.6875)
(13.5 15.75 19.6875)
(15.75 15.75 19.6875)
(18 15.75 19.6875)
(-18 18 19.6875)
(-15.75 18 19.6875)
(-13.5 18 19.6875)
(-11.25 18 19.6875)
(-9 18 19.6875)
(-6.75 18 19.6875)
(-4.5 18 19.6875)
(-2.25 18 19.6875)
(0 18 19.6875)
(2.25 18 19.6875)
(4.5 18 19.6875)
(6.75 18 19.6875)
(9 18 19.6875)
(11.25 18 19.6875)
(13.5 18 19.6875)
(15.75 18 19.6875)
(18 18 19.6875)
(-18 -18 22.5)
(-15.75 -18 22.5)
(-13.5 -18 22.5)
(-11.25 -18 22.5)
(-9 -18 22.5)
(-6.75 -18 22.5)
(-4.5 -18 22.5)
(-2.25 -18 22.5)
(0 -18 22.5)
(2.25 -18 22.5)
(4.5 -18 22.5)
(6.75 -18 22.5)
(9 -18 22.5)
(11.25 -18 22.5)
(13.5 -18 22.5)
(15.75 -18 22.5)
(18 -18 22.5)
(-18 -15.75 22.5)
(-15.75 -15.75 22.5)
(-13.5 -15.75 22.5)
(-11.25 -15.75 22.5)
(-9 -15.75 22.5)
(-6.75 -15.75 22.5)
(-4.5 -15.75 22.5)
(-2.25 -15.75 22.5)
(0 -15.75 22.5)
(2.25 -15.75 22.5)
(4.5 -15.75 22.5)
(6.75 -15.75 22.5)
(9 -15.75 22.5)
(11.25 -15.75 22.5)
(13.5 -15.75 22.5)
(15.75 -15.75 22.5)
(18 -15.75 22.5)
(-18 -13.5 22.5)
(-15.75 -13.5 22.5)
(-13.5 -13.5 22.5)
(-11.25 -13.5 22.5)
(-9 -13.5 22.5)
(-6.75 -13.5 22.5)
(-4.5 -13.5 22.5)
(-2.25 -13.5 22.5)
(0 -13.5 22.5)
(2.25 -13.5 22.5)
(4.5 -13.5 22.5)
(6.75 -13.5 22.5)
(9 -13.5 22.5)
(11.25 -13.5 22.5)
(13.5 -13.5 22.5)
(15.75 -13.5 22.5)
(18 -13.5 22.5)
(-18 -11.25 22.5)
(-15.75 -11.25 22.5)
(-13.5 -11.25 22.5)
(-11.25 -11.25 22.5)
(-9 -11.25 22.5)
(-6.75 -11.25 22.5)
(-4.5 -11.25 22.5)
(-2.25 -11.25 22.5)
(0 -11.25 22.5)
(2.25 -11.25 22.5)
(4.5 -11.25 22.5)
(6.75 -11.25 22.5)
(9 -11.25 22.5)
(11.25 -11.25 22.5)
(13.5 -11.25 22.5)
(15.75 -11.25 22.5)
(18 -11.25 22.5)
(-18 -9 22.5)
(-15.75 -9 22.5)
(-13.5 -9 22.5)
(-11.25 -9 22.5)
(-9 -9 22.5)
(-6.75 -9 22.5)
(-4.5 -9 22.5)
(-2.25 -9 22.5)
(0 -9 22.5)
(2.25 -9 22.5)
(4.5 -9 22.5)
(6.75 -9 22.5)
(9 -9 22.5)
(11.25 -9 22.5)
(13.5 -9 22.5)
(15.75 -9 22.5)
(18 -9 22.5)
(-18 -6.75 22.5)
(-15.75 -6.75 22.5)
(-13.5 -6.75 22.5)
(-11.25 -6.75 22.5)
(-9 -6.75 22.5)
(-6.75 -6.75 22.5)
(-4.5 -6.75 22.5)
(-2.25 -6.75 22.5)
(0 -6.75 22.5)
(2.25 -6.75 22.5)
(4.5 -6.75 22.5)
(6.75 -6.75 22.5)
(9 -6.75 22.5)
(11.25 -6.75 22.5)
(13.5 -6.75 22.5)
(15.75 -6.75 22.5)
(18 -6.75 22.5)
(-18 -4.5 22.5)
(-15.75 -4.5 22.5)
(-13.5 -4.5 22.5)
(-11.25 -4.5 22.5)
(-9 -4.5 22.5)
(-6.75 -4.5 22.5)
(-4.5 -4.5 22.5)
(-2.25 -4.5 22.5)
(0 -4.5 22.5)
(2.25 -4.5 22.5)
(4.5 -4.5 22.5)
(6.75 -4.5 22.5)
(9 -4.5 22.5)
(11.25 -4.5 22.5)
(13.5 -4.5 22.5)
(15.75 -4.5 22.5)
(18 -4.5 22.5)
(-18 -2.25 22.5)
(-15.75 -2.25 22.5)
(-13.5 -2.25 22.5)
(-11.25 -2.25 22.5)
(-9 -2.25 22.5)
(-6.75 -2.25 22.5)
(-4.5 -2.25 22.5)
(-2.25 -2.25 22.5)
(0 -2.25 22.5)
(2.25 -2.25 22.5)
(4.5 -2.25 22.5)
(6.75 -2.25 22.5)
(9 -2.25 22.5)
(11.25 -2.25 22.5)
(13.5 -2.25 22.5)
(15.75 -2.25 22.5)
(18 -2.25 22.5)
(-18 0 22.5)
(-15.75 0 22.5)
(-13.5 0 22.5)
(-11.25 0 22.5)
(-9 0 22.5)
(-6.75 0 22.5)
(-4.5 0 22.5)
(-2.25 0 22.5)
(0 0 22.5)
(2.25 0 22.5)
(4.5 0 22.5)
(6.75 0 22.5)
(9 0 22.5)
(11.25 0 22.5)
(13.5 0 22.5)
(15.75 0 22.5)
(18 0 22.5)
(-18 2.25 22.5)
(-15.75 2.25 22.5)
(-13.5 2.25 22.5)
(-11.25 2.25 22.5)
(-9 2.25 22.5)
(-6.75 2.25 22.5)
(-4.5 2.25 22.5)
(-2.25 2.25 22.5)
(0 2.25 22.5)
(2.25 2.25 22.5)
(4.5 2.25 22.5)
(6.75 2.25 22.5)
(9 2.25 22.5)
(11.25 2.25 22.5)
(13.5 2.25 22.5)
(15.75 2.25 22.5)
(18 2.25 22.5)
(-18 4.5 22.5)
(-15.75 4.5 22.5)
(-13.5 4.5 22.5)
(-11.25 4.5 22.5)
(-9 4.5 22.5)
(-6.75 4.5 22.5)
(-4.5 4.5 22.5)
(-2.25 4.5 22.5)
(0 4.5 22.5)
(2.25 4.5 22.5)
(4.5 4.5 22.5)
(6.75 4.5 22.5)
(9 4.5 22.5)
(11.25 4.5 22.5)
(13.5 4.5 22.5)
(15.75 4.5 22.5)
(18 4.5 22.5)
(-18 6.75 22.5)
(-15.75 6.75 22.5)
(-13.5 6.75 22.5)
(-11.25 6.75 22.5)
(-9 6.75 22.5)
(-6.75 6.75 22.5)
(-4.5 6.75 22.5)
(-2.25 6.75 22.5)
(0 6.75 22.5)
(2.25 6.75 22.5)
(4.5 6.75 22.5)
(6.75 6.75 22.5)
(9 6.75 22.5)
(11.25 6.75 22.5)
(13.5 6.75 22.5)
(15.75 6.75 22.5)
(18 6.75 22.5)
(-18 9 22.5)
(-15.75 9 22.5)
(-13.5 9 22.5)
(-11.25 9 22.5)
(-9 9 22.5)
(-6.75 9 22.5)
(-4.5 9 22.5)
(-2.25 9 22.5)
(0 9 22.5)
(2.25 9 22.5)
(4.5 9 22.5)
(6.75 9 22.5)
(9 9 22.5)
(11.25 9 22.5)
(13.5 9 22.5)
(15.75 9 22.5)
(18 9 22.5)
(-18 11.25 22.5)
(-15.75 11.25 22.5)
(-13.5 11.25 22.5)
(-11.25 11.25 22.5)
(-9 11.25 22.5)
(-6.75 11.25 22.5)
(-4.5 11.25 22.5)
(-2.25 11.25 22.5)
(0 11.25 22.5)
(2.25 11.25 22.5)
(4.5 11.25 22.5)
(6.75 11.25 22.5)
(9 11.25 22.5)
(11.25 11.25 22.5)
(13.5 11.25 22.5)
(15.75 11.25 22.5)
(18 11.25 22.5)
(-18 13.5 22.5)
(-15.75 13.5 22.5)
(-13.5 13.5 22.5)
(-11.25 13.5 22.5)
(-9 13.5 22.5)
(-6.75 13.5 22.5)
(-4.5 13.5 22.5)
(-2.25 13.5 22.5)
(0 13.5 22.5)
(2.25 13.5 22.5)
(4.5 13.5 22.5)
(6.75 13.5 22.5)
(9 13.5 22.5)
(11.25 13.5 22.5)
(13.5 13.5 22.5)
(15.75 13.5 22.5)
(18 13.5 22.5)
(-18 15.75 22.5)
(-15.75 15.75 22.5)
(-13.5 15.75 22.5)
(-11.25 15.75 22.5)
(-9 15.75 22.5)
(-6.75 15.75 22.5)
(-4.5 15.75 22.5)
(-2.25 15.75 22.5)
(0 15.75 22.5)
(2.25 15.75 22.5)
(4.5 15.75 22.5)
(6.75 15.75 22.5)
(9 15.75 22.5)
(11.25 15.75 22.5)
(13.5 15.75 22.5)
(15.75 15.75 22.5)
(18 15.75 22.5)
(-18 18 22.5)
(-15.75 18 22.5)
(-13.5 18 22.5)
(-11.25 18 22.5)
(-9 18 22.5)
(-6.75 18 22.5)
(-4.5 18 22.5)
(-2.25 18 22.5)
(0 18 22.5)
(2.25 18 22.5)
(4.5 18 22.5)
(6.75 18 22.5)
(9 18 22.5)
(11.25 18 22.5)
(13.5 18 22.5)
(15.75 18 22.5)
(18 18 22.5)
(-18 -18 25.3125)
(-15.75 -18 25.3125)
(-13.5 -18 25.3125)
(-11.25 -18 25.3125)
(-9 -18 25.3125)
(-6.75 -18 25.3125)
(-4.5 -18 25.3125)
(-2.25 -18 25.3125)
(0 -18 25.3125)
(2.25 -18 25.3125)
(4.5 -18 25.3125)
(6.75 -18 25.3125)
(9 -18 25.3125)
(11.25 -18 25.3125)
(13.5 -18 25.3125)
(15.75 -18 25.3125)
(18 -18 25.3125)
(-18 -15.75 25.3125)
(-15.75 -15.75 25.3125)
(-13.5 -15.75 25.3125)
(-11.25 -15.75 25.3125)
(-9 -15.75 25.3125)
(-6.75 -15.75 25.3125)
(-4.5 -15.75 25.3125)
(-2.25 -15.75 25.3125)
(0 -15.75 25.3125)
(2.25 -15.75 25.3125)
(4.5 -15.75 25.3125)
(6.75 -15.75 25.3125)
(9 -15.75 25.3125)
(11.25 -15.75 25.3125)
(13.5 -15.75 25.3125)
(15.75 -15.75 25.3125)
(18 -15.75 25.3125)
(-18 -13.5 25.3125)
(-15.75 -13.5 25.3125)
(-13.5 -13.5 25.3125)
(-11.25 -13.5 25.3125)
(-9 -13.5 25.3125)
(-6.75 -13.5 25.3125)
(-4.5 -13.5 25.3125)
(-2.25 -13.5 25.3125)
(0 -13.5 25.3125)
(2.25 -13.5 25.3125)
(4.5 -13.5 25.3125)
(6.75 -13.5 25.3125)
(9 -13.5 25.3125)
(11.25 -13.5 25.3125)
(13.5 -13.5 25.3125)
(15.75 -13.5 25.3125)
(18 -13.5 25.3125)
(-18 -11.25 25.3125)
(-15.75 -11.25 25.3125)
(-13.5 -11.25 25.3125)
(-11.25 -11.25 25.3125)
(-9 -11.25 25.3125)
(-6.75 -11.25 25.3125)
(-4.5 -11.25 25.3125)
(-2.25 -11.25 25.3125)
(0 -11.25 25.3125)
(2.25 -11.25 25.3125)
(4.5 -11.25 25.3125)
(6.75 -11.25 25.3125)
(9 -11.25 25.3125)
(11.25 -11.25 25.3125)
(13.5 -11.25 25.3125)
(15.75 -11.25 25.3125)
(18 -11.25 25.3125)
(-18 -9 25.3125)
(-15.75 -9 25.3125)
(-13.5 -9 25.3125)
(-11.25 -9 25.3125)
(-9 -9 25.3125)
(-6.75 -9 25.3125)
(-4.5 -9 25.3125)
(-2.25 -9 25.3125)
(0 -9 25.3125)
(2.25 -9 25.3125)
(4.5 -9 25.3125)
(6.75 -9 25.3125)
(9 -9 25.3125)
(11.25 -9 25.3125)
(13.5 -9 25.3125)
(15.75 -9 25.3125)
(18 -9 25.3125)
(-18 -6.75 25.3125)
(-15.75 -6.75 25.3125)
(-13.5 -6.75 25.3125)
(-11.25 -6.75 25.3125)
(-9 -6.75 25.3125)
(-6.75 -6.75 25.3125)
(-4.5 -6.75 25.3125)
(-2.25 -6.75 25.3125)
(0 -6.75 25.3125)
(2.25 -6.75 25.3125)
(4.5 -6.75 25.3125)
(6.75 -6.75 25.3125)
(9 -6.75 25.3125)
(11.25 -6.75 25.3125)
(13.5 -6.75 25.3125)
(15.75 -6.75 25.3125)
(18 -6.75 25.3125)
(-18 -4.5 25.3125)
(-15.75 -4.5 25.3125)
(-13.5 -4.5 25.3125)
(-11.25 -4.5 25.3125)
(-9 -4.5 25.3125)
(-6.75 -4.5 25.3125)
(-4.5 -4.5 25.3125)
(-2.25 -4.5 25.3125)
(0 -4.5 25.3125)
(2.25 -4.5 25.3125)
(4.5 -4.5 25.3125)
(6.75 -4.5 25.3125)
(9 -4.5 25.3125)
(11.25 -4.5 25.3125)
(13.5 -4.5 25.3125)
(15.75 -4.5 25.3125)
(18 -4.5 25.3125)
(-18 -2.25 25.3125)
(-15.75 -2.25 25.3125)
(-13.5 -2.25 25.3125)
(-11.25 -2.25 25.3125)
(-9 -2.25 25.3125)
(-6.75 -2.25 25.3125)
(-4.5 -2.25 25.3125)
(-2.25 -2.25 25.3125)
(0 -2.25 25.3125)
(2.25 -2.25 25.3125)
(4.5 -2.25 25.3125)
(6.75 -2.25 25.3125)
(9 -2.25 25.3125)
(11.25 -2.25 25.3125)
(13.5 -2.25 25.3125)
(15.75 -2.25 25.3125)
(18 -2.25 25.3125)
(-18 0 25.3125)
(-15.75 0 25.3125)
(-13.5 0 25.3125)
(-11.25 0 25.3125)
(-9 0 25.3125)
(-6.75 0 25.3125)
(-4.5 0 25.3125)
(-2.25 0 25.3125)
(0 0 25.3125)
(2.25 0 25.3125)
(4.5 0 25.3125)
(6.75 0 25.3125)
(9 0 25.3125)
(11.25 0 25.3125)
(13.5 0 25.3125)
(15.75 0 25.3125)
(18 0 25.3125)
(-18 2.25 25.3125)
(-15.75 2.25 25.3125)
(-13.5 2.25 25.3125)
(-11.25 2.25 25.3125)
(-9 2.25 25.3125)
(-6.75 2.25 25.3125)
(-4.5 2.25 25.3125)
(-2.25 2.25 25.3125)
(0 2.25 25.3125)
(2.25 2.25 25.3125)
(4.5 2.25 25.3125)
(6.75 2.25 25.3125)
(9 2.25 25.3125)
(11.25 2.25 25.3125)
(13.5 2.25 25.3125)
(15.75 2.25 25.3125)
(18 2.25 25.3125)
(-18 4.5 25.3125)
(-15.75 4.5 25.3125)
(-13.5 4.5 25.3125)
(-11.25 4.5 25.3125)
(-9 4.5 25.3125)
(-6.75 4.5 25.3125)
(-4.5 4.5 25.3125)
(-2.25 4.5 25.3125)
(0 4.5 25.3125)
(2.25 4.5 25.3125)
(4.5 4.5 25.3125)
(6.75 4.5 25.3125)
(9 4.5 25.3125)
(11.25 4.5 25.3125)
(13.5 4.5 25.3125)
(15.75 4.5 25.3125)
(18 4.5 25.3125)
(-18 6.75 25.3125)
(-15.75 6.75 25.3125)
(-13.5 6.75 25.3125)
(-11.25 6.75 25.3125)
(-9 6.75 25.3125)
(-6.75 6.75 25.3125)
(-4.5 6.75 25.3125)
(-2.25 6.75 25.3125)
(0 6.75 25.3125)
(2.25 6.75 25.3125)
(4.5 6.75 25.3125)
(6.75 6.75 25.3125)
(9 6.75 25.3125)
(11.25 6.75 25.3125)
(13.5 6.75 25.3125)
(15.75 6.75 25.3125)
(18 6.75 25.3125)
(-18 9 25.3125)
(-15.75 9 25.3125)
(-13.5 9 25.3125)
(-11.25 9 25.3125)
(-9 9 25.3125)
(-6.75 9 25.3125)
(-4.5 9 25.3125)
(-2.25 9 25.3125)
(0 9 25.3125)
(2.25 9 25.3125)
(4.5 9 25.3125)
(6.75 9 25.3125)
(9 9 25.3125)
(11.25 9 25.3125)
(13.5 9 25.3125)
(15.75 9 25.3125)
(18 9 25.3125)
(-18 11.25 25.3125)
(-15.75 11.25 25.3125)
(-13.5 11.25 25.3125)
(-11.25 11.25 25.3125)
(-9 11.25 25.3125)
(-6.75 11.25 25.3125)
(-4.5 11.25 25.3125)
(-2.25 11.25 25.3125)
(0 11.25 25.3125)
(2.25 11.25 25.3125)
(4.5 11.25 25.3125)
(6.75 11.25 25.3125)
(9 11.25 25.3125)
(11.25 11.25 25.3125)
(13.5 11.25 25.3125)
(15.75 11.25 25.3125)
(18 11.25 25.3125)
(-18 13.5 25.3125)
(-15.75 13.5 25.3125)
(-13.5 13.5 25.3125)
(-11.25 13.5 25.3125)
(-9 13.5 25.3125)
(-6.75 13.5 25.3125)
(-4.5 13.5 25.3125)
(-2.25 13.5 25.3125)
(0 13.5 25.3125)
(2.25 13.5 25.3125)
(4.5 13.5 25.3125)
(6.75 13.5 25.3125)
(9 13.5 25.3125)
(11.25 13.5 25.3125)
(13.5 13.5 25.3125)
(15.75 13.5 25.3125)
(18 13.5 25.3125)
(-18 15.75 25.3125)
(-15.75 15.75 25.3125)
(-13.5 15.75 25.3125)
(-11.25 15.75 25.3125)
(-9 15.75 25.3125)
(-6.75 15.75 25.3125)
(-4.5 15.75 25.3125)
(-2.25 15.75 25.3125)
(0 15.75 25.3125)
(2.25 15.75 25.3125)
(4.5 15.75 25.3125)
(6.75 15.75 25.3125)
(9 15.75 25.3125)
(11.25 15.75 25.3125)
(13.5 15.75 25.3125)
(15.75 15.75 25.3125)
(18 15.75 25.3125)
(-18 18 25.3125)
(-15.75 18 25.3125)
(-13.5 18 25.3125)
(-11.25 18 25.3125)
(-9 18 25.3125)
(-6.75 18 25.3125)
(-4.5 18 25.3125)
(-2.25 18 25.3125)
(0 18 25.3125)
(2.25 18 25.3125)
(4.5 18 25.3125)
(6.75 18 25.3125)
(9 18 25.3125)
(11.25 18 25.3125)
(13.5 18 25.3125)
(15.75 18 25.3125)
(18 18 25.3125)
(-18 -18 28.125)
(-15.75 -18 28.125)
(-13.5 -18 28.125)
(-11.25 -18 28.125)
(-9 -18 28.125)
(-6.75 -18 28.125)
(-4.5 -18 28.125)
(-2.25 -18 28.125)
(0 -18 28.125)
(2.25 -18 28.125)
(4.5 -18 28.125)
(6.75 -18 28.125)
(9 -18 28.125)
(11.25 -18 28.125)
(13.5 -18 28.125)
(15.75 -18 28.125)
(18 -18 28.125)
(-18 -15.75 28.125)
(-15.75 -15.75 28.125)
(-13.5 -15.75 28.125)
(-11.25 -15.75 28.125)
(-9 -15.75 28.125)
(-6.75 -15.75 28.125)
(-4.5 -15.75 28.125)
(-2.25 -15.75 28.125)
(0 -15.75 28.125)
(2.25 -15.75 28.125)
(4.5 -15.75 28.125)
(6.75 -15.75 28.125)
(9 -15.75 28.125)
(11.25 -15.75 28.125)
(13.5 -15.75 28.125)
(15.75 -15.75 28.125)
(18 -15.75 28.125)
(-18 -13.5 28.125)
(-15.75 -13.5 28.125)
(-13.5 -13.5 28.125)
(-11.25 -13.5 28.125)
(-9 -13.5 28.125)
(-6.75 -13.5 28.125)
(-4.5 -13.5 28.125)
(-2.25 -13.5 28.125)
(0 -13.5 28.125)
(2.25 -13.5 28.125)
(4.5 -13.5 28.125)
(6.75 -13.5 28.125)
(9 -13.5 28.125)
(11.25 -13.5 28.125)
(13.5 -13.5 28.125)
(15.75 -13.5 28.125)
(18 -13.5 28.125)
(-18 -11.25 28.125)
(-15.75 -11.25 28.125)
(-13.5 -11.25 28.125)
(-11.25 -11.25 28.125)
(-9 -11.25 28.125)
(-6.75 -11.25 28.125)
(-4.5 -11.25 28.125)
(-2.25 -11.25 28.125)
(0 -11.25 28.125)
(2.25 -11.25 28.125)
(4.5 -11.25 28.125)
(6.75 -11.25 28.125)
(9 -11.25 28.125)
(11.25 -11.25 28.125)
(13.5 -11.25 28.125)
(15.75 -11.25 28.125)
(18 -11.25 28.125)
(-18 -9 28.125)
(-15.75 -9 28.125)
(-13.5 -9 28.125)
(-11.25 -9 28.125)
(-9 -9 28.125)
(-6.75 -9 28.125)
(-4.5 -9 28.125)
(-2.25 -9 28.125)
(0 -9 28.125)
(2.25 -9 28.125)
(4.5 -9 28.125)
(6.75 -9 28.125)
(9 -9 28.125)
(11.25 -9 28.125)
(13.5 -9 28.125)
(15.75 -9 28.125)
(18 -9 28.125)
(-18 -6.75 28.125)
(-15.75 -6.75 28.125)
(-13.5 -6.75 28.125)
(-11.25 -6.75 28.125)
(-9 -6.75 28.125)
(-6.75 -6.75 28.125)
(-4.5 -6.75 28.125)
(-2.25 -6.75 28.125)
(0 -6.75 28.125)
(2.25 -6.75 28.125)
(4.5 -6.75 28.125)
(6.75 -6.75 28.125)
(9 -6.75 28.125)
(11.25 -6.75 28.125)
(13.5 -6.75 28.125)
(15.75 -6.75 28.125)
(18 -6.75 28.125)
(-18 -4.5 28.125)
(-15.75 -4.5 28.125)
(-13.5 -4.5 28.125)
(-11.25 -4.5 28.125)
(-9 -4.5 28.125)
(-6.75 -4.5 28.125)
(-4.5 -4.5 28.125)
(-2.25 -4.5 28.125)
(0 -4.5 28.125)
(2.25 -4.5 28.125)
(4.5 -4.5 28.125)
(6.75 -4.5 28.125)
(9 -4.5 28.125)
(11.25 -4.5 28.125)
(13.5 -4.5 28.125)
(15.75 -4.5 28.125)
(18 -4.5 28.125)
(-18 -2.25 28.125)
(-15.75 -2.25 28.125)
(-13.5 -2.25 28.125)
(-11.25 -2.25 28.125)
(-9 -2.25 28.125)
(-6.75 -2.25 28.125)
(-4.5 -2.25 28.125)
(-2.25 -2.25 28.125)
(0 -2.25 28.125)
(2.25 -2.25 28.125)
(4.5 -2.25 28.125)
(6.75 -2.25 28.125)
(9 -2.25 28.125)
(11.25 -2.25 28.125)
(13.5 -2.25 28.125)
(15.75 -2.25 28.125)
(18 -2.25 28.125)
(-18 0 28.125)
(-15.75 0 28.125)
(-13.5 0 28.125)
(-11.25 0 28.125)
(-9 0 28.125)
(-6.75 0 28.125)
(-4.5 0 28.125)
(-2.25 0 28.125)
(0 0 28.125)
(2.25 0 28.125)
(4.5 0 28.125)
(6.75 0 28.125)
(9 0 28.125)
(11.25 0 28.125)
(13.5 0 28.125)
(15.75 0 28.125)
(18 0 28.125)
(-18 2.25 28.125)
(-15.75 2.25 28.125)
(-13.5 2.25 28.125)
(-11.25 2.25 28.125)
(-9 2.25 28.125)
(-6.75 2.25 28.125)
(-4.5 2.25 28.125)
(-2.25 2.25 28.125)
(0 2.25 28.125)
(2.25 2.25 28.125)
(4.5 2.25 28.125)
(6.75 2.25 28.125)
(9 2.25 28.125)
(11.25 2.25 28.125)
(13.5 2.25 28.125)
(15.75 2.25 28.125)
(18 2.25 28.125)
(-18 4.5 28.125)
(-15.75 4.5 28.125)
(-13.5 4.5 28.125)
(-11.25 4.5 28.125)
(-9 4.5 28.125)
(-6.75 4.5 28.125)
(-4.5 4.5 28.125)
(-2.25 4.5 28.125)
(0 4.5 28.125)
(2.25 4.5 28.125)
(4.5 4.5 28.125)
(6.75 4.5 28.125)
(9 4.5 28.125)
(11.25 4.5 28.125)
(13.5 4.5 28.125)
(15.75 4.5 28.125)
(18 4.5 28.125)
(-18 6.75 28.125)
(-15.75 6.75 28.125)
(-13.5 6.75 28.125)
(-11.25 6.75 28.125)
(-9 6.75 28.125)
(-6.75 6.75 28.125)
(-4.5 6.75 28.125)
(-2.25 6.75 28.125)
(0 6.75 28.125)
(2.25 6.75 28.125)
(4.5 6.75 28.125)
(6.75 6.75 28.125)
(9 6.75 28.125)
(11.25 6.75 28.125)
(13.5 6.75 28.125)
(15.75 6.75 28.125)
(18 6.75 28.125)
(-18 9 28.125)
(-15.75 9 28.125)
(-13.5 9 28.125)
(-11.25 9 28.125)
(-9 9 28.125)
(-6.75 9 28.125)
(-4.5 9 28.125)
(-2.25 9 28.125)
(0 9 28.125)
(2.25 9 28.125)
(4.5 9 28.125)
(6.75 9 28.125)
(9 9 28.125)
(11.25 9 28.125)
(13.5 9 28.125)
(15.75 9 28.125)
(18 9 28.125)
(-18 11.25 28.125)
(-15.75 11.25 28.125)
(-13.5 11.25 28.125)
(-11.25 11.25 28.125)
(-9 11.25 28.125)
(-6.75 11.25 28.125)
(-4.5 11.25 28.125)
(-2.25 11.25 28.125)
(0 11.25 28.125)
(2.25 11.25 28.125)
(4.5 11.25 28.125)
(6.75 11.25 28.125)
(9 11.25 28.125)
(11.25 11.25 28.125)
(13.5 11.25 28.125)
(15.75 11.25 28.125)
(18 11.25 28.125)
(-18 13.5 28.125)
(-15.75 13.5 28.125)
(-13.5 13.5 28.125)
(-11.25 13.5 28.125)
(-9 13.5 28.125)
(-6.75 13.5 28.125)
(-4.5 13.5 28.125)
(-2.25 13.5 28.125)
(0 13.5 28.125)
(2.25 13.5 28.125)
(4.5 13.5 28.125)
(6.75 13.5 28.125)
(9 13.5 28.125)
(11.25 13.5 28.125)
(13.5 13.5 28.125)
(15.75 13.5 28.125)
(18 13.5 28.125)
(-18 15.75 28.125)
(-15.75 15.75 28.125)
(-13.5 15.75 28.125)
(-11.25 15.75 28.125)
(-9 15.75 28.125)
(-6.75 15.75 28.125)
(-4.5 15.75 28.125)
(-2.25 15.75 28.125)
(0 15.75 28.125)
(2.25 15.75 28.125)
(4.5 15.75 28.125)
(6.75 15.75 28.125)
(9 15.75 28.125)
(11.25 15.75 28.125)
(13.5 15.75 28.125)
(15.75 15.75 28.125)
(18 15.75 28.125)
(-18 18 28.125)
(-15.75 18 28.125)
(-13.5 18 28.125)
(-11.25 18 28.125)
(-9 18 28.125)
(-6.75 18 28.125)
(-4.5 18 28.125)
(-2.25 18 28.125)
(0 18 28.125)
(2.25 18 28.125)
(4.5 18 28.125)
(6.75 18 28.125)
(9 18 28.125)
(11.25 18 28.125)
(13.5 18 28.125)
(15.75 18 28.125)
(18 18 28.125)
(-18 -18 30.9375)
(-15.75 -18 30.9375)
(-13.5 -18 30.9375)
(-11.25 -18 30.9375)
(-9 -18 30.9375)
(-6.75 -18 30.9375)
(-4.5 -18 30.9375)
(-2.25 -18 30.9375)
(0 -18 30.9375)
(2.25 -18 30.9375)
(4.5 -18 30.9375)
(6.75 -18 30.9375)
(9 -18 30.9375)
(11.25 -18 30.9375)
(13.5 -18 30.9375)
(15.75 -18 30.9375)
(18 -18 30.9375)
(-18 -15.75 30.9375)
(-15.75 -15.75 30.9375)
(-13.5 -15.75 30.9375)
(-11.25 -15.75 30.9375)
(-9 -15.75 30.9375)
(-6.75 -15.75 30.9375)
(-4.5 -15.75 30.9375)
(-2.25 -15.75 30.9375)
(0 -15.75 30.9375)
(2.25 -15.75 30.9375)
(4.5 -15.75 30.9375)
(6.75 -15.75 30.9375)
(9 -15.75 30.9375)
(11.25 -15.75 30.9375)
(13.5 -15.75 30.9375)
(15.75 -15.75 30.9375)
(18 -15.75 30.9375)
(-18 -13.5 30.9375)
(-15.75 -13.5 30.9375)
(-13.5 -13.5 30.9375)
(-11.25 -13.5 30.9375)
(-9 -13.5 30.9375)
(-6.75 -13.5 30.9375)
(-4.5 -13.5 30.9375)
(-2.25 -13.5 30.9375)
(0 -13.5 30.9375)
(2.25 -13.5 30.9375)
(4.5 -13.5 30.9375)
(6.75 -13.5 30.9375)
(9 -13.5 30.9375)
(11.25 -13.5 30.9375)
(13.5 -13.5 30.9375)
(15.75 -13.5 30.9375)
(18 -13.5 30.9375)
(-18 -11.25 30.9375)
(-15.75 -11.25 30.9375)
(-13.5 -11.25 30.9375)
(-11.25 -11.25 30.9375)
(-9 -11.25 30.9375)
(-6.75 -11.25 30.9375)
(-4.5 -11.25 30.9375)
(-2.25 -11.25 30.9375)
(0 -11.25 30.9375)
(2.25 -11.25 30.9375)
(4.5 -11.25 30.9375)
(6.75 -11.25 30.9375)
(9 -11.25 30.9375)
(11.25 -11.25 30.9375)
(13.5 -11.25 30.9375)
(15.75 -11.25 30.9375)
(18 -11.25 30.9375)
(-18 -9 30.9375)
(-15.75 -9 30.9375)
(-13.5 -9 30.9375)
(-11.25 -9 30.9375)
(-9 -9 30.9375)
(-6.75 -9 30.9375)
(-4.5 -9 30.9375)
(-2.25 -9 30.9375)
(0 -9 30.9375)
(2.25 -9 30.9375)
(4.5 -9 30.9375)
(6.75 -9 30.9375)
(9 -9 30.9375)
(11.25 -9 30.9375)
(13.5 -9 30.9375)
(15.75 -9 30.9375)
(18 -9 30.9375)
(-18 -6.75 30.9375)
(-15.75 -6.75 30.9375)
(-13.5 -6.75 30.9375)
(-11.25 -6.75 30.9375)
(-9 -6.75 30.9375)
(-6.75 -6.75 30.9375)
(-4.5 -6.75 30.9375)
(-2.25 -6.75 30.9375)
(0 -6.75 30.9375)
(2.25 -6.75 30.9375)
(4.5 -6.75 30.9375)
(6.75 -6.75 30.9375)
(9 -6.75 30.9375)
(11.25 -6.75 30.9375)
(13.5 -6.75 30.9375)
(15.75 -6.75 30.9375)
(18 -6.75 30.9375)
(-18 -4.5 30.9375)
(-15.75 -4.5 30.9375)
(-13.5 -4.5 30.9375)
(-11.25 -4.5 30.9375)
(-9 -4.5 30.9375)
(-6.75 -4.5 30.9375)
(-4.5 -4.5 30.9375)
(-2.25 -4.5 30.9375)
(0 -4.5 30.9375)
(2.25 -4.5 30.9375)
(4.5 -4.5 30.9375)
(6.75 -4.5 30.9375)
(9 -4.5 30.9375)
(11.25 -4.5 30.9375)
(13.5 -4.5 30.9375)
(15.75 -4.5 30.9375)
(18 -4.5 30.9375)
(-18 -2.25 30.9375)
(-15.75 -2.25 30.9375)
(-13.5 -2.25 30.9375)
(-11.25 -2.25 30.9375)
(-9 -2.25 30.9375)
(-6.75 -2.25 30.9375)
(-4.5 -2.25 30.9375)
(-2.25 -2.25 30.9375)
(0 -2.25 30.9375)
(2.25 -2.25 30.9375)
(4.5 -2.25 30.9375)
(6.75 -2.25 30.9375)
(9 -2.25 30.9375)
(11.25 -2.25 30.9375)
(13.5 -2.25 30.9375)
(15.75 -2.25 30.9375)
(18 -2.25 30.9375)
(-18 0 30.9375)
(-15.75 0 30.9375)
(-13.5 0 30.9375)
(-11.25 0 30.9375)
(-9 0 30.9375)
(-6.75 0 30.9375)
(-4.5 0 30.9375)
(-2.25 0 30.9375)
(0 0 30.9375)
(2.25 0 30.9375)
(4.5 0 30.9375)
(6.75 0 30.9375)
(9 0 30.9375)
(11.25 0 30.9375)
(13.5 0 30.9375)
(15.75 0 30.9375)
(18 0 30.9375)
(-18 2.25 30.9375)
(-15.75 2.25 30.9375)
(-13.5 2.25 30.9375)
(-11.25 2.25 30.9375)
(-9 2.25 30.9375)
(-6.75 2.25 30.9375)
(-4.5 2.25 30.9375)
(-2.25 2.25 30.9375)
(0 2.25 30.9375)
(2.25 2.25 30.9375)
(4.5 2.25 30.9375)
(6.75 2.25 30.9375)
(9 2.25 30.9375)
(11.25 2.25 30.9375)
(13.5 2.25 30.9375)
(15.75 2.25 30.9375)
(18 2.25 30.9375)
(-18 4.5 30.9375)
(-15.75 4.5 30.9375)
(-13.5 4.5 30.9375)
(-11.25 4.5 30.9375)
(-9 4.5 30.9375)
(-6.75 4.5 30.9375)
(-4.5 4.5 30.9375)
(-2.25 4.5 30.9375)
(0 4.5 30.9375)
(2.25 4.5 30.9375)
(4.5 4.5 30.9375)
(6.75 4.5 30.9375)
(9 4.5 30.9375)
(11.25 4.5 30.9375)
(13.5 4.5 30.9375)
(15.75 4.5 30.9375)
(18 4.5 30.9375)
(-18 6.75 30.9375)
(-15.75 6.75 30.9375)
(-13.5 6.75 30.9375)
(-11.25 6.75 30.9375)
(-9 6.75 30.9375)
(-6.75 6.75 30.9375)
(-4.5 6.75 30.9375)
(-2.25 6.75 30.9375)
(0 6.75 30.9375)
(2.25 6.75 30.9375)
(4.5 6.75 30.9375)
(6.75 6.75 30.9375)
(9 6.75 30.9375)
(11.25 6.75 30.9375)
(13.5 6.75 30.9375)
(15.75 6.75 30.9375)
(18 6.75 30.9375)
(-18 9 30.9375)
(-15.75 9 30.9375)
(-13.5 9 30.9375)
(-11.25 9 30.9375)
(-9 9 30.9375)
(-6.75 9 30.9375)
(-4.5 9 30.9375)
(-2.25 9 30.9375)
(0 9 30.9375)
(2.25 9 30.9375)
(4.5 9 30.9375)
(6.75 9 30.9375)
(9 9 30.9375)
(11.25 9 30.9375)
(13.5 9 30.9375)
(15.75 9 30.9375)
(18 9 30.9375)
(-18 11.25 30.9375)
(-15.75 11.25 30.9375)
(-13.5 11.25 30.9375)
(-11.25 11.25 30.9375)
(-9 11.25 30.9375)
(-6.75 11.25 30.9375)
(-4.5 11.25 30.9375)
(-2.25 11.25 30.9375)
(0 11.25 30.9375)
(2.25 11.25 30.9375)
(4.5 11.25 30.9375)
(6.75 11.25 30.9375)
(9 11.25 30.9375)
(11.25 11.25 30.9375)
(13.5 11.25 30.9375)
(15.75 11.25 30.9375)
(18 11.25 30.9375)
(-18 13.5 30.9375)
(-15.75 13.5 30.9375)
(-13.5 13.5 30.9375)
(-11.25 13.5 30.9375)
(-9 13.5 30.9375)
(-6.75 13.5 30.9375)
(-4.5 13.5 30.9375)
(-2.25 13.5 30.9375)
(0 13.5 30.9375)
(2.25 13.5 30.9375)
(4.5 13.5 30.9375)
(6.75 13.5 30.9375)
(9 13.5 30.9375)
(11.25 13.5 30.9375)
(13.5 13.5 30.9375)
(15.75 13.5 30.9375)
(18 13.5 30.9375)
(-18 15.75 30.9375)
(-15.75 15.75 30.9375)
(-13.5 15.75 30.9375)
(-11.25 15.75 30.9375)
(-9 15.75 30.9375)
(-6.75 15.75 30.9375)
(-4.5 15.75 30.9375)
(-2.25 15.75 30.9375)
(0 15.75 30.9375)
(2.25 15.75 30.9375)
(4.5 15.75 30.9375)
(6.75 15.75 30.9375)
(9 15.75 30.9375)
(11.25 15.75 30.9375)
(13.5 15.75 30.9375)
(15.75 15.75 30.9375)
(18 15.75 30.9375)
(-18 18 30.9375)
(-15.75 18 30.9375)
(-13.5 18 30.9375)
(-11.25 18 30.9375)
(-9 18 30.9375)
(-6.75 18 30.9375)
(-4.5 18 30.9375)
(-2.25 18 30.9375)
(0 18 30.9375)
(2.25 18 30.9375)
(4.5 18 30.9375)
(6.75 18 30.9375)
(9 18 30.9375)
(11.25 18 30.9375)
(13.5 18 30.9375)
(15.75 18 30.9375)
(18 18 30.9375)
(-18 -18 33.75)
(-15.75 -18 33.75)
(-13.5 -18 33.75)
(-11.25 -18 33.75)
(-9 -18 33.75)
(-6.75 -18 33.75)
(-4.5 -18 33.75)
(-2.25 -18 33.75)
(0 -18 33.75)
(2.25 -18 33.75)
(4.5 -18 33.75)
(6.75 -18 33.75)
(9 -18 33.75)
(11.25 -18 33.75)
(13.5 -18 33.75)
(15.75 -18 33.75)
(18 -18 33.75)
(-18 -15.75 33.75)
(-15.75 -15.75 33.75)
(-13.5 -15.75 33.75)
(-11.25 -15.75 33.75)
(-9 -15.75 33.75)
(-6.75 -15.75 33.75)
(-4.5 -15.75 33.75)
(-2.25 -15.75 33.75)
(0 -15.75 33.75)
(2.25 -15.75 33.75)
(4.5 -15.75 33.75)
(6.75 -15.75 33.75)
(9 -15.75 33.75)
(11.25 -15.75 33.75)
(13.5 -15.75 33.75)
(15.75 -15.75 33.75)
(18 -15.75 33.75)
(-18 -13.5 33.75)
(-15.75 -13.5 33.75)
(-13.5 -13.5 33.75)
(-11.25 -13.5 33.75)
(-9 -13.5 33.75)
(-6.75 -13.5 33.75)
(-4.5 -13.5 33.75)
(-2.25 -13.5 33.75)
(0 -13.5 33.75)
(2.25 -13.5 33.75)
(4.5 -13.5 33.75)
(6.75 -13.5 33.75)
(9 -13.5 33.75)
(11.25 -13.5 33.75)
(13.5 -13.5 33.75)
(15.75 -13.5 33.75)
(18 -13.5 33.75)
(-18 -11.25 33.75)
(-15.75 -11.25 33.75)
(-13.5 -11.25 33.75)
(-11.25 -11.25 33.75)
(-9 -11.25 33.75)
(-6.75 -11.25 33.75)
(-4.5 -11.25 33.75)
(-2.25 -11.25 33.75)
(0 -11.25 33.75)
(2.25 -11.25 33.75)
(4.5 -11.25 33.75)
(6.75 -11.25 33.75)
(9 -11.25 33.75)
(11.25 -11.25 33.75)
(13.5 -11.25 33.75)
(15.75 -11.25 33.75)
(18 -11.25 33.75)
(-18 -9 33.75)
(-15.75 -9 33.75)
(-13.5 -9 33.75)
(-11.25 -9 33.75)
(-9 -9 33.75)
(-6.75 -9 33.75)
(-4.5 -9 33.75)
(-2.25 -9 33.75)
(0 -9 33.75)
(2.25 -9 33.75)
(4.5 -9 33.75)
(6.75 -9 33.75)
(9 -9 33.75)
(11.25 -9 33.75)
(13.5 -9 33.75)
(15.75 -9 33.75)
(18 -9 33.75)
(-18 -6.75 33.75)
(-15.75 -6.75 33.75)
(-13.5 -6.75 33.75)
(-11.25 -6.75 33.75)
(-9 -6.75 33.75)
(-6.75 -6.75 33.75)
(-4.5 -6.75 33.75)
(-2.25 -6.75 33.75)
(0 -6.75 33.75)
(2.25 -6.75 33.75)
(4.5 -6.75 33.75)
(6.75 -6.75 33.75)
(9 -6.75 33.75)
(11.25 -6.75 33.75)
(13.5 -6.75 33.75)
(15.75 -6.75 33.75)
(18 -6.75 33.75)
(-18 -4.5 33.75)
(-15.75 -4.5 33.75)
(-13.5 -4.5 33.75)
(-11.25 -4.5 33.75)
(-9 -4.5 33.75)
(-6.75 -4.5 33.75)
(-4.5 -4.5 33.75)
(-2.25 -4.5 33.75)
(0 -4.5 33.75)
(2.25 -4.5 33.75)
(4.5 -4.5 33.75)
(6.75 -4.5 33.75)
(9 -4.5 33.75)
(11.25 -4.5 33.75)
(13.5 -4.5 33.75)
(15.75 -4.5 33.75)
(18 -4.5 33.75)
(-18 -2.25 33.75)
(-15.75 -2.25 33.75)
(-13.5 -2.25 33.75)
(-11.25 -2.25 33.75)
(-9 -2.25 33.75)
(-6.75 -2.25 33.75)
(-4.5 -2.25 33.75)
(-2.25 -2.25 33.75)
(0 -2.25 33.75)
(2.25 -2.25 33.75)
(4.5 -2.25 33.75)
(6.75 -2.25 33.75)
(9 -2.25 33.75)
(11.25 -2.25 33.75)
(13.5 -2.25 33.75)
(15.75 -2.25 33.75)
(18 -2.25 33.75)
(-18 0 33.75)
(-15.75 0 33.75)
(-13.5 0 33.75)
(-11.25 0 33.75)
(-9 0 33.75)
(-6.75 0 33.75)
(-4.5 0 33.75)
(-2.25 0 33.75)
(0 0 33.75)
(2.25 0 33.75)
(4.5 0 33.75)
(6.75 0 33.75)
(9 0 33.75)
(11.25 0 33.75)
(13.5 0 33.75)
(15.75 0 33.75)
(18 0 33.75)
(-18 2.25 33.75)
(-15.75 2.25 33.75)
(-13.5 2.25 33.75)
(-11.25 2.25 33.75)
(-9 2.25 33.75)
(-6.75 2.25 33.75)
(-4.5 2.25 33.75)
(-2.25 2.25 33.75)
(0 2.25 33.75)
(2.25 2.25 33.75)
(4.5 2.25 33.75)
(6.75 2.25 33.75)
(9 2.25 33.75)
(11.25 2.25 33.75)
(13.5 2.25 33.75)
(15.75 2.25 33.75)
(18 2.25 33.75)
(-18 4.5 33.75)
(-15.75 4.5 33.75)
(-13.5 4.5 33.75)
(-11.25 4.5 33.75)
(-9 4.5 33.75)
(-6.75 4.5 33.75)
(-4.5 4.5 33.75)
(-2.25 4.5 33.75)
(0 4.5 33.75)
(2.25 4.5 33.75)
(4.5 4.5 33.75)
(6.75 4.5 33.75)
(9 4.5 33.75)
(11.25 4.5 33.75)
(13.5 4.5 33.75)
(15.75 4.5 33.75)
(18 4.5 33.75)
(-18 6.75 33.75)
(-15.75 6.75 33.75)
(-13.5 6.75 33.75)
(-11.25 6.75 33.75)
(-9 6.75 33.75)
(-6.75 6.75 33.75)
(-4.5 6.75 33.75)
(-2.25 6.75 33.75)
(0 6.75 33.75)
(2.25 6.75 33.75)
(4.5 6.75 33.75)
(6.75 6.75 33.75)
(9 6.75 33.75)
(11.25 6.75 33.75)
(13.5 6.75 33.75)
(15.75 6.75 33.75)
(18 6.75 33.75)
(-18 9 33.75)
(-15.75 9 33.75)
(-13.5 9 33.75)
(-11.25 9 33.75)
(-9 9 33.75)
(-6.75 9 33.75)
(-4.5 9 33.75)
(-2.25 9 33.75)
(0 9 33.75)
(2.25 9 33.75)
(4.5 9 33.75)
(6.75 9 33.75)
(9 9 33.75)
(11.25 9 33.75)
(13.5 9 33.75)
(15.75 9 33.75)
(18 9 33.75)
(-18 11.25 33.75)
(-15.75 11.25 33.75)
(-13.5 11.25 33.75)
(-11.25 11.25 33.75)
(-9 11.25 33.75)
(-6.75 11.25 33.75)
(-4.5 11.25 33.75)
(-2.25 11.25 33.75)
(0 11.25 33.75)
(2.25 11.25 33.75)
(4.5 11.25 33.75)
(6.75 11.25 33.75)
(9 11.25 33.75)
(11.25 11.25 33.75)
(13.5 11.25 33.75)
(15.75 11.25 33.75)
(18 11.25 33.75)
(-18 13.5 33.75)
(-15.75 13.5 33.75)
(-13.5 13.5 33.75)
(-11.25 13.5 33.75)
(-9 13.5 33.75)
(-6.75 13.5 33.75)
(-4.5 13.5 33.75)
(-2.25 13.5 33.75)
(0 13.5 33.75)
(2.25 13.5 33.75)
(4.5 13.5 33.75)
(6.75 13.5 33.75)
(9 13.5 33.75)
(11.25 13.5 33.75)
(13.5 13.5 33.75)
(15.75 13.5 33.75)
(18 13.5 33.75)
(-18 15.75 33.75)
(-15.75 15.75 33.75)
(-13.5 15.75 33.75)
(-11.25 15.75 33.75)
(-9 15.75 33.75)
(-6.75 15.75 33.75)
(-4.5 15.75 33.75)
(-2.25 15.75 33.75)
(0 15.75 33.75)
(2.25 15.75 33.75)
(4.5 15.75 33.75)
(6.75 15.75 33.75)
(9 15.75 33.75)
(11.25 15.75 33.75)
(13.5 15.75 33.75)
(15.75 15.75 33.75)
(18 15.75 33.75)
(-18 18 33.75)
(-15.75 18 33.75)
(-13.5 18 33.75)
(-11.25 18 33.75)
(-9 18 33.75)
(-6.75 18 33.75)
(-4.5 18 33.75)
(-2.25 18 33.75)
(0 18 33.75)
(2.25 18 33.75)
(4.5 18 33.75)
(6.75 18 33.75)
(9 18 33.75)
(11.25 18 33.75)
(13.5 18 33.75)
(15.75 18 33.75)
(18 18 33.75)
(-18 -18 36.5625)
(-15.75 -18 36.5625)
(-13.5 -18 36.5625)
(-11.25 -18 36.5625)
(-9 -18 36.5625)
(-6.75 -18 36.5625)
(-4.5 -18 36.5625)
(-2.25 -18 36.5625)
(0 -18 36.5625)
(2.25 -18 36.5625)
(4.5 -18 36.5625)
(6.75 -18 36.5625)
(9 -18 36.5625)
(11.25 -18 36.5625)
(13.5 -18 36.5625)
(15.75 -18 36.5625)
(18 -18 36.5625)
(-18 -15.75 36.5625)
(-15.75 -15.75 36.5625)
(-13.5 -15.75 36.5625)
(-11.25 -15.75 36.5625)
(-9 -15.75 36.5625)
(-6.75 -15.75 36.5625)
(-4.5 -15.75 36.5625)
(-2.25 -15.75 36.5625)
(0 -15.75 36.5625)
(2.25 -15.75 36.5625)
(4.5 -15.75 36.5625)
(6.75 -15.75 36.5625)
(9 -15.75 36.5625)
(11.25 -15.75 36.5625)
(13.5 -15.75 36.5625)
(15.75 -15.75 36.5625)
(18 -15.75 36.5625)
(-18 -13.5 36.5625)
(-15.75 -13.5 36.5625)
(-13.5 -13.5 36.5625)
(-11.25 -13.5 36.5625)
(-9 -13.5 36.5625)
(-6.75 -13.5 36.5625)
(-4.5 -13.5 36.5625)
(-2.25 -13.5 36.5625)
(0 -13.5 36.5625)
(2.25 -13.5 36.5625)
(4.5 -13.5 36.5625)
(6.75 -13.5 36.5625)
(9 -13.5 36.5625)
(11.25 -13.5 36.5625)
(13.5 -13.5 36.5625)
(15.75 -13.5 36.5625)
(18 -13.5 36.5625)
(-18 -11.25 36.5625)
(-15.75 -11.25 36.5625)
(-13.5 -11.25 36.5625)
(-11.25 -11.25 36.5625)
(-9 -11.25 36.5625)
(-6.75 -11.25 36.5625)
(-4.5 -11.25 36.5625)
(-2.25 -11.25 36.5625)
(0 -11.25 36.5625)
(2.25 -11.25 36.5625)
(4.5 -11.25 36.5625)
(6.75 -11.25 36.5625)
(9 -11.25 36.5625)
(11.25 -11.25 36.5625)
(13.5 -11.25 36.5625)
(15.75 -11.25 36.5625)
(18 -11.25 36.5625)
(-18 -9 36.5625)
(-15.75 -9 36.5625)
(-13.5 -9 36.5625)
(-11.25 -9 36.5625)
(-9 -9 36.5625)
(-6.75 -9 36.5625)
(-4.5 -9 36.5625)
(-2.25 -9 36.5625)
(0 -9 36.5625)
(2.25 -9 36.5625)
(4.5 -9 36.5625)
(6.75 -9 36.5625)
(9 -9 36.5625)
(11.25 -9 36.5625)
(13.5 -9 36.5625)
(15.75 -9 36.5625)
(18 -9 36.5625)
(-18 -6.75 36.5625)
(-15.75 -6.75 36.5625)
(-13.5 -6.75 36.5625)
(-11.25 -6.75 36.5625)
(-9 -6.75 36.5625)
(-6.75 -6.75 36.5625)
(-4.5 -6.75 36.5625)
(-2.25 -6.75 36.5625)
(0 -6.75 36.5625)
(2.25 -6.75 36.5625)
(4.5 -6.75 36.5625)
(6.75 -6.75 36.5625)
(9 -6.75 36.5625)
(11.25 -6.75 36.5625)
(13.5 -6.75 36.5625)
(15.75 -6.75 36.5625)
(18 -6.75 36.5625)
(-18 -4.5 36.5625)
(-15.75 -4.5 36.5625)
(-13.5 -4.5 36.5625)
(-11.25 -4.5 36.5625)
(-9 -4.5 36.5625)
(-6.75 -4.5 36.5625)
(-4.5 -4.5 36.5625)
(-2.25 -4.5 36.5625)
(0 -4.5 36.5625)
(2.25 -4.5 36.5625)
(4.5 -4.5 36.5625)
(6.75 -4.5 36.5625)
(9 -4.5 36.5625)
(11.25 -4.5 36.5625)
(13.5 -4.5 36.5625)
(15.75 -4.5 36.5625)
(18 -4.5 36.5625)
(-18 -2.25 36.5625)
(-15.75 -2.25 36.5625)
(-13.5 -2.25 36.5625)
(-11.25 -2.25 36.5625)
(-9 -2.25 36.5625)
(-6.75 -2.25 36.5625)
(-4.5 -2.25 36.5625)
(-2.25 -2.25 36.5625)
(0 -2.25 36.5625)
(2.25 -2.25 36.5625)
(4.5 -2.25 36.5625)
(6.75 -2.25 36.5625)
(9 -2.25 36.5625)
(11.25 -2.25 36.5625)
(13.5 -2.25 36.5625)
(15.75 -2.25 36.5625)
(18 -2.25 36.5625)
(-18 0 36.5625)
(-15.75 0 36.5625)
(-13.5 0 36.5625)
(-11.25 0 36.5625)
(-9 0 36.5625)
(-6.75 0 36.5625)
(-4.5 0 36.5625)
(-2.25 0 36.5625)
(0 0 36.5625)
(2.25 0 36.5625)
(4.5 0 36.5625)
(6.75 0 36.5625)
(9 0 36.5625)
(11.25 0 36.5625)
(13.5 0 36.5625)
(15.75 0 36.5625)
(18 0 36.5625)
(-18 2.25 36.5625)
(-15.75 2.25 36.5625)
(-13.5 2.25 36.5625)
(-11.25 2.25 36.5625)
(-9 2.25 36.5625)
(-6.75 2.25 36.5625)
(-4.5 2.25 36.5625)
(-2.25 2.25 36.5625)
(0 2.25 36.5625)
(2.25 2.25 36.5625)
(4.5 2.25 36.5625)
(6.75 2.25 36.5625)
(9 2.25 36.5625)
(11.25 2.25 36.5625)
(13.5 2.25 36.5625)
(15.75 2.25 36.5625)
(18 2.25 36.5625)
(-18 4.5 36.5625)
(-15.75 4.5 36.5625)
(-13.5 4.5 36.5625)
(-11.25 4.5 36.5625)
(-9 4.5 36.5625)
(-6.75 4.5 36.5625)
(-4.5 4.5 36.5625)
(-2.25 4.5 36.5625)
(0 4.5 36.5625)
(2.25 4.5 36.5625)
(4.5 4.5 36.5625)
(6.75 4.5 36.5625)
(9 4.5 36.5625)
(11.25 4.5 36.5625)
(13.5 4.5 36.5625)
(15.75 4.5 36.5625)
(18 4.5 36.5625)
(-18 6.75 36.5625)
(-15.75 6.75 36.5625)
(-13.5 6.75 36.5625)
(-11.25 6.75 36.5625)
(-9 6.75 36.5625)
(-6.75 6.75 36.5625)
(-4.5 6.75 36.5625)
(-2.25 6.75 36.5625)
(0 6.75 36.5625)
(2.25 6.75 36.5625)
(4.5 6.75 36.5625)
(6.75 6.75 36.5625)
(9 6.75 36.5625)
(11.25 6.75 36.5625)
(13.5 6.75 36.5625)
(15.75 6.75 36.5625)
(18 6.75 36.5625)
(-18 9 36.5625)
(-15.75 9 36.5625)
(-13.5 9 36.5625)
(-11.25 9 36.5625)
(-9 9 36.5625)
(-6.75 9 36.5625)
(-4.5 9 36.5625)
(-2.25 9 36.5625)
(0 9 36.5625)
(2.25 9 36.5625)
(4.5 9 36.5625)
(6.75 9 36.5625)
(9 9 36.5625)
(11.25 9 36.5625)
(13.5 9 36.5625)
(15.75 9 36.5625)
(18 9 36.5625)
(-18 11.25 36.5625)
(-15.75 11.25 36.5625)
(-13.5 11.25 36.5625)
(-11.25 11.25 36.5625)
(-9 11.25 36.5625)
(-6.75 11.25 36.5625)
(-4.5 11.25 36.5625)
(-2.25 11.25 36.5625)
(0 11.25 36.5625)
(2.25 11.25 36.5625)
(4.5 11.25 36.5625)
(6.75 11.25 36.5625)
(9 11.25 36.5625)
(11.25 11.25 36.5625)
(13.5 11.25 36.5625)
(15.75 11.25 36.5625)
(18 11.25 36.5625)
(-18 13.5 36.5625)
(-15.75 13.5 36.5625)
(-13.5 13.5 36.5625)
(-11.25 13.5 36.5625)
(-9 13.5 36.5625)
(-6.75 13.5 36.5625)
(-4.5 13.5 36.5625)
(-2.25 13.5 36.5625)
(0 13.5 36.5625)
(2.25 13.5 36.5625)
(4.5 13.5 36.5625)
(6.75 13.5 36.5625)
(9 13.5 36.5625)
(11.25 13.5 36.5625)
(13.5 13.5 36.5625)
(15.75 13.5 36.5625)
(18 13.5 36.5625)
(-18 15.75 36.5625)
(-15.75 15.75 36.5625)
(-13.5 15.75 36.5625)
(-11.25 15.75 36.5625)
(-9 15.75 36.5625)
(-6.75 15.75 36.5625)
(-4.5 15.75 36.5625)
(-2.25 15.75 36.5625)
(0 15.75 36.5625)
(2.25 15.75 36.5625)
(4.5 15.75 36.5625)
(6.75 15.75 36.5625)
(9 15.75 36.5625)
(11.25 15.75 36.5625)
(13.5 15.75 36.5625)
(15.75 15.75 36.5625)
(18 15.75 36.5625)
(-18 18 36.5625)
(-15.75 18 36.5625)
(-13.5 18 36.5625)
(-11.25 18 36.5625)
(-9 18 36.5625)
(-6.75 18 36.5625)
(-4.5 18 36.5625)
(-2.25 18 36.5625)
(0 18 36.5625)
(2.25 18 36.5625)
(4.5 18 36.5625)
(6.75 18 36.5625)
(9 18 36.5625)
(11.25 18 36.5625)
(13.5 18 36.5625)
(15.75 18 36.5625)
(18 18 36.5625)
(-18 -18 39.375)
(-15.75 -18 39.375)
(-13.5 -18 39.375)
(-11.25 -18 39.375)
(-9 -18 39.375)
(-6.75 -18 39.375)
(-4.5 -18 39.375)
(-2.25 -18 39.375)
(0 -18 39.375)
(2.25 -18 39.375)
(4.5 -18 39.375)
(6.75 -18 39.375)
(9 -18 39.375)
(11.25 -18 39.375)
(13.5 -18 39.375)
(15.75 -18 39.375)
(18 -18 39.375)
(-18 -15.75 39.375)
(-15.75 -15.75 39.375)
(-13.5 -15.75 39.375)
(-11.25 -15.75 39.375)
(-9 -15.75 39.375)
(-6.75 -15.75 39.375)
(-4.5 -15.75 39.375)
(-2.25 -15.75 39.375)
(0 -15.75 39.375)
(2.25 -15.75 39.375)
(4.5 -15.75 39.375)
(6.75 -15.75 39.375)
(9 -15.75 39.375)
(11.25 -15.75 39.375)
(13.5 -15.75 39.375)
(15.75 -15.75 39.375)
(18 -15.75 39.375)
(-18 -13.5 39.375)
(-15.75 -13.5 39.375)
(-13.5 -13.5 39.375)
(-11.25 -13.5 39.375)
(-9 -13.5 39.375)
(-6.75 -13.5 39.375)
(-4.5 -13.5 39.375)
(-2.25 -13.5 39.375)
(0 -13.5 39.375)
(2.25 -13.5 39.375)
(4.5 -13.5 39.375)
(6.75 -13.5 39.375)
(9 -13.5 39.375)
(11.25 -13.5 39.375)
(13.5 -13.5 39.375)
(15.75 -13.5 39.375)
(18 -13.5 39.375)
(-18 -11.25 39.375)
(-15.75 -11.25 39.375)
(-13.5 -11.25 39.375)
(-11.25 -11.25 39.375)
(-9 -11.25 39.375)
(-6.75 -11.25 39.375)
(-4.5 -11.25 39.375)
(-2.25 -11.25 39.375)
(0 -11.25 39.375)
(2.25 -11.25 39.375)
(4.5 -11.25 39.375)
(6.75 -11.25 39.375)
(9 -11.25 39.375)
(11.25 -11.25 39.375)
(13.5 -11.25 39.375)
(15.75 -11.25 39.375)
(18 -11.25 39.375)
(-18 -9 39.375)
(-15.75 -9 39.375)
(-13.5 -9 39.375)
(-11.25 -9 39.375)
(-9 -9 39.375)
(-6.75 -9 39.375)
(-4.5 -9 39.375)
(-2.25 -9 39.375)
(0 -9 39.375)
(2.25 -9 39.375)
(4.5 -9 39.375)
(6.75 -9 39.375)
(9 -9 39.375)
(11.25 -9 39.375)
(13.5 -9 39.375)
(15.75 -9 39.375)
(18 -9 39.375)
(-18 -6.75 39.375)
(-15.75 -6.75 39.375)
(-13.5 -6.75 39.375)
(-11.25 -6.75 39.375)
(-9 -6.75 39.375)
(-6.75 -6.75 39.375)
(-4.5 -6.75 39.375)
(-2.25 -6.75 39.375)
(0 -6.75 39.375)
(2.25 -6.75 39.375)
(4.5 -6.75 39.375)
(6.75 -6.75 39.375)
(9 -6.75 39.375)
(11.25 -6.75 39.375)
(13.5 -6.75 39.375)
(15.75 -6.75 39.375)
(18 -6.75 39.375)
(-18 -4.5 39.375)
(-15.75 -4.5 39.375)
(-13.5 -4.5 39.375)
(-11.25 -4.5 39.375)
(-9 -4.5 39.375)
(-6.75 -4.5 39.375)
(-4.5 -4.5 39.375)
(-2.25 -4.5 39.375)
(0 -4.5 39.375)
(2.25 -4.5 39.375)
(4.5 -4.5 39.375)
(6.75 -4.5 39.375)
(9 -4.5 39.375)
(11.25 -4.5 39.375)
(13.5 -4.5 39.375)
(15.75 -4.5 39.375)
(18 -4.5 39.375)
(-18 -2.25 39.375)
(-15.75 -2.25 39.375)
(-13.5 -2.25 39.375)
(-11.25 -2.25 39.375)
(-9 -2.25 39.375)
(-6.75 -2.25 39.375)
(-4.5 -2.25 39.375)
(-2.25 -2.25 39.375)
(0 -2.25 39.375)
(2.25 -2.25 39.375)
(4.5 -2.25 39.375)
(6.75 -2.25 39.375)
(9 -2.25 39.375)
(11.25 -2.25 39.375)
(13.5 -2.25 39.375)
(15.75 -2.25 39.375)
(18 -2.25 39.375)
(-18 0 39.375)
(-15.75 0 39.375)
(-13.5 0 39.375)
(-11.25 0 39.375)
(-9 0 39.375)
(-6.75 0 39.375)
(-4.5 0 39.375)
(-2.25 0 39.375)
(0 0 39.375)
(2.25 0 39.375)
(4.5 0 39.375)
(6.75 0 39.375)
(9 0 39.375)
(11.25 0 39.375)
(13.5 0 39.375)
(15.75 0 39.375)
(18 0 39.375)
(-18 2.25 39.375)
(-15.75 2.25 39.375)
(-13.5 2.25 39.375)
(-11.25 2.25 39.375)
(-9 2.25 39.375)
(-6.75 2.25 39.375)
(-4.5 2.25 39.375)
(-2.25 2.25 39.375)
(0 2.25 39.375)
(2.25 2.25 39.375)
(4.5 2.25 39.375)
(6.75 2.25 39.375)
(9 2.25 39.375)
(11.25 2.25 39.375)
(13.5 2.25 39.375)
(15.75 2.25 39.375)
(18 2.25 39.375)
(-18 4.5 39.375)
(-15.75 4.5 39.375)
(-13.5 4.5 39.375)
(-11.25 4.5 39.375)
(-9 4.5 39.375)
(-6.75 4.5 39.375)
(-4.5 4.5 39.375)
(-2.25 4.5 39.375)
(0 4.5 39.375)
(2.25 4.5 39.375)
(4.5 4.5 39.375)
(6.75 4.5 39.375)
(9 4.5 39.375)
(11.25 4.5 39.375)
(13.5 4.5 39.375)
(15.75 4.5 39.375)
(18 4.5 39.375)
(-18 6.75 39.375)
(-15.75 6.75 39.375)
(-13.5 6.75 39.375)
(-11.25 6.75 39.375)
(-9 6.75 39.375)
(-6.75 6.75 39.375)
(-4.5 6.75 39.375)
(-2.25 6.75 39.375)
(0 6.75 39.375)
(2.25 6.75 39.375)
(4.5 6.75 39.375)
(6.75 6.75 39.375)
(9 6.75 39.375)
(11.25 6.75 39.375)
(13.5 6.75 39.375)
(15.75 6.75 39.375)
(18 6.75 39.375)
(-18 9 39.375)
(-15.75 9 39.375)
(-13.5 9 39.375)
(-11.25 9 39.375)
(-9 9 39.375)
(-6.75 9 39.375)
(-4.5 9 39.375)
(-2.25 9 39.375)
(0 9 39.375)
(2.25 9 39.375)
(4.5 9 39.375)
(6.75 9 39.375)
(9 9 39.375)
(11.25 9 39.375)
(13.5 9 39.375)
(15.75 9 39.375)
(18 9 39.375)
(-18 11.25 39.375)
(-15.75 11.25 39.375)
(-13.5 11.25 39.375)
(-11.25 11.25 39.375)
(-9 11.25 39.375)
(-6.75 11.25 39.375)
(-4.5 11.25 39.375)
(-2.25 11.25 39.375)
(0 11.25 39.375)
(2.25 11.25 39.375)
(4.5 11.25 39.375)
(6.75 11.25 39.375)
(9 11.25 39.375)
(11.25 11.25 39.375)
(13.5 11.25 39.375)
(15.75 11.25 39.375)
(18 11.25 39.375)
(-18 13.5 39.375)
(-15.75 13.5 39.375)
(-13.5 13.5 39.375)
(-11.25 13.5 39.375)
(-9 13.5 39.375)
(-6.75 13.5 39.375)
(-4.5 13.5 39.375)
(-2.25 13.5 39.375)
(0 13.5 39.375)
(2.25 13.5 39.375)
(4.5 13.5 39.375)
(6.75 13.5 39.375)
(9 13.5 39.375)
(11.25 13.5 39.375)
(13.5 13.5 39.375)
(15.75 13.5 39.375)
(18 13.5 39.375)
(-18 15.75 39.375)
(-15.75 15.75 39.375)
(-13.5 15.75 39.375)
(-11.25 15.75 39.375)
(-9 15.75 39.375)
(-6.75 15.75 39.375)
(-4.5 15.75 39.375)
(-2.25 15.75 39.375)
(0 15.75 39.375)
(2.25 15.75 39.375)
(4.5 15.75 39.375)
(6.75 15.75 39.375)
(9 15.75 39.375)
(11.25 15.75 39.375)
(13.5 15.75 39.375)
(15.75 15.75 39.375)
(18 15.75 39.375)
(-18 18 39.375)
(-15.75 18 39.375)
(-13.5 18 39.375)
(-11.25 18 39.375)
(-9 18 39.375)
(-6.75 18 39.375)
(-4.5 18 39.375)
(-2.25 18 39.375)
(0 18 39.375)
(2.25 18 39.375)
(4.5 18 39.375)
(6.75 18 39.375)
(9 18 39.375)
(11.25 18 39.375)
(13.5 18 39.375)
(15.75 18 39.375)
(18 18 39.375)
(-18 -18 42.1875)
(-15.75 -18 42.1875)
(-13.5 -18 42.1875)
(-11.25 -18 42.1875)
(-9 -18 42.1875)
(-6.75 -18 42.1875)
(-4.5 -18 42.1875)
(-2.25 -18 42.1875)
(0 -18 42.1875)
(2.25 -18 42.1875)
(4.5 -18 42.1875)
(6.75 -18 42.1875)
(9 -18 42.1875)
(11.25 -18 42.1875)
(13.5 -18 42.1875)
(15.75 -18 42.1875)
(18 -18 42.1875)
(-18 -15.75 42.1875)
(-15.75 -15.75 42.1875)
(-13.5 -15.75 42.1875)
(-11.25 -15.75 42.1875)
(-9 -15.75 42.1875)
(-6.75 -15.75 42.1875)
(-4.5 -15.75 42.1875)
(-2.25 -15.75 42.1875)
(0 -15.75 42.1875)
(2.25 -15.75 42.1875)
(4.5 -15.75 42.1875)
(6.75 -15.75 42.1875)
(9 -15.75 42.1875)
(11.25 -15.75 42.1875)
(13.5 -15.75 42.1875)
(15.75 -15.75 42.1875)
(18 -15.75 42.1875)
(-18 -13.5 42.1875)
(-15.75 -13.5 42.1875)
(-13.5 -13.5 42.1875)
(-11.25 -13.5 42.1875)
(-9 -13.5 42.1875)
(-6.75 -13.5 42.1875)
(-4.5 -13.5 42.1875)
(-2.25 -13.5 42.1875)
(0 -13.5 42.1875)
(2.25 -13.5 42.1875)
(4.5 -13.5 42.1875)
(6.75 -13.5 42.1875)
(9 -13.5 42.1875)
(11.25 -13.5 42.1875)
(13.5 -13.5 42.1875)
(15.75 -13.5 42.1875)
(18 -13.5 42.1875)
(-18 -11.25 42.1875)
(-15.75 -11.25 42.1875)
(-13.5 -11.25 42.1875)
(-11.25 -11.25 42.1875)
(-9 -11.25 42.1875)
(-6.75 -11.25 42.1875)
(-4.5 -11.25 42.1875)
(-2.25 -11.25 42.1875)
(0 -11.25 42.1875)
(2.25 -11.25 42.1875)
(4.5 -11.25 42.1875)
(6.75 -11.25 42.1875)
(9 -11.25 42.1875)
(11.25 -11.25 42.1875)
(13.5 -11.25 42.1875)
(15.75 -11.25 42.1875)
(18 -11.25 42.1875)
(-18 -9 42.1875)
(-15.75 -9 42.1875)
(-13.5 -9 42.1875)
(-11.25 -9 42.1875)
(-9 -9 42.1875)
(-6.75 -9 42.1875)
(-4.5 -9 42.1875)
(-2.25 -9 42.1875)
(0 -9 42.1875)
(2.25 -9 42.1875)
(4.5 -9 42.1875)
(6.75 -9 42.1875)
(9 -9 42.1875)
(11.25 -9 42.1875)
(13.5 -9 42.1875)
(15.75 -9 42.1875)
(18 -9 42.1875)
(-18 -6.75 42.1875)
(-15.75 -6.75 42.1875)
(-13.5 -6.75 42.1875)
(-11.25 -6.75 42.1875)
(-9 -6.75 42.1875)
(-6.75 -6.75 42.1875)
(-4.5 -6.75 42.1875)
(-2.25 -6.75 42.1875)
(0 -6.75 42.1875)
(2.25 -6.75 42.1875)
(4.5 -6.75 42.1875)
(6.75 -6.75 42.1875)
(9 -6.75 42.1875)
(11.25 -6.75 42.1875)
(13.5 -6.75 42.1875)
(15.75 -6.75 42.1875)
(18 -6.75 42.1875)
(-18 -4.5 42.1875)
(-15.75 -4.5 42.1875)
(-13.5 -4.5 42.1875)
(-11.25 -4.5 42.1875)
(-9 -4.5 42.1875)
(-6.75 -4.5 42.1875)
(-4.5 -4.5 42.1875)
(-2.25 -4.5 42.1875)
(0 -4.5 42.1875)
(2.25 -4.5 42.1875)
(4.5 -4.5 42.1875)
(6.75 -4.5 42.1875)
(9 -4.5 42.1875)
(11.25 -4.5 42.1875)
(13.5 -4.5 42.1875)
(15.75 -4.5 42.1875)
(18 -4.5 42.1875)
(-18 -2.25 42.1875)
(-15.75 -2.25 42.1875)
(-13.5 -2.25 42.1875)
(-11.25 -2.25 42.1875)
(-9 -2.25 42.1875)
(-6.75 -2.25 42.1875)
(-4.5 -2.25 42.1875)
(-2.25 -2.25 42.1875)
(0 -2.25 42.1875)
(2.25 -2.25 42.1875)
(4.5 -2.25 42.1875)
(6.75 -2.25 42.1875)
(9 -2.25 42.1875)
(11.25 -2.25 42.1875)
(13.5 -2.25 42.1875)
(15.75 -2.25 42.1875)
(18 -2.25 42.1875)
(-18 0 42.1875)
(-15.75 0 42.1875)
(-13.5 0 42.1875)
(-11.25 0 42.1875)
(-9 0 42.1875)
(-6.75 0 42.1875)
(-4.5 0 42.1875)
(-2.25 0 42.1875)
(0 0 42.1875)
(2.25 0 42.1875)
(4.5 0 42.1875)
(6.75 0 42.1875)
(9 0 42.1875)
(11.25 0 42.1875)
(13.5 0 42.1875)
(15.75 0 42.1875)
(18 0 42.1875)
(-18 2.25 42.1875)
(-15.75 2.25 42.1875)
(-13.5 2.25 42.1875)
(-11.25 2.25 42.1875)
(-9 2.25 42.1875)
(-6.75 2.25 42.1875)
(-4.5 2.25 42.1875)
(-2.25 2.25 42.1875)
(0 2.25 42.1875)
(2.25 2.25 42.1875)
(4.5 2.25 42.1875)
(6.75 2.25 42.1875)
(9 2.25 42.1875)
(11.25 2.25 42.1875)
(13.5 2.25 42.1875)
(15.75 2.25 42.1875)
(18 2.25 42.1875)
(-18 4.5 42.1875)
(-15.75 4.5 42.1875)
(-13.5 4.5 42.1875)
(-11.25 4.5 42.1875)
(-9 4.5 42.1875)
(-6.75 4.5 42.1875)
(-4.5 4.5 42.1875)
(-2.25 4.5 42.1875)
(0 4.5 42.1875)
(2.25 4.5 42.1875)
(4.5 4.5 42.1875)
(6.75 4.5 42.1875)
(9 4.5 42.1875)
(11.25 4.5 42.1875)
(13.5 4.5 42.1875)
(15.75 4.5 42.1875)
(18 4.5 42.1875)
(-18 6.75 42.1875)
(-15.75 6.75 42.1875)
(-13.5 6.75 42.1875)
(-11.25 6.75 42.1875)
(-9 6.75 42.1875)
(-6.75 6.75 42.1875)
(-4.5 6.75 42.1875)
(-2.25 6.75 42.1875)
(0 6.75 42.1875)
(2.25 6.75 42.1875)
(4.5 6.75 42.1875)
(6.75 6.75 42.1875)
(9 6.75 42.1875)
(11.25 6.75 42.1875)
(13.5 6.75 42.1875)
(15.75 6.75 42.1875)
(18 6.75 42.1875)
(-18 9 42.1875)
(-15.75 9 42.1875)
(-13.5 9 42.1875)
(-11.25 9 42.1875)
(-9 9 42.1875)
(-6.75 9 42.1875)
(-4.5 9 42.1875)
(-2.25 9 42.1875)
(0 9 42.1875)
(2.25 9 42.1875)
(4.5 9 42.1875)
(6.75 9 42.1875)
(9 9 42.1875)
(11.25 9 42.1875)
(13.5 9 42.1875)
(15.75 9 42.1875)
(18 9 42.1875)
(-18 11.25 42.1875)
(-15.75 11.25 42.1875)
(-13.5 11.25 42.1875)
(-11.25 11.25 42.1875)
(-9 11.25 42.1875)
(-6.75 11.25 42.1875)
(-4.5 11.25 42.1875)
(-2.25 11.25 42.1875)
(0 11.25 42.1875)
(2.25 11.25 42.1875)
(4.5 11.25 42.1875)
(6.75 11.25 42.1875)
(9 11.25 42.1875)
(11.25 11.25 42.1875)
(13.5 11.25 42.1875)
(15.75 11.25 42.1875)
(18 11.25 42.1875)
(-18 13.5 42.1875)
(-15.75 13.5 42.1875)
(-13.5 13.5 42.1875)
(-11.25 13.5 42.1875)
(-9 13.5 42.1875)
(-6.75 13.5 42.1875)
(-4.5 13.5 42.1875)
(-2.25 13.5 42.1875)
(0 13.5 42.1875)
(2.25 13.5 42.1875)
(4.5 13.5 42.1875)
(6.75 13.5 42.1875)
(9 13.5 42.1875)
(11.25 13.5 42.1875)
(13.5 13.5 42.1875)
(15.75 13.5 42.1875)
(18 13.5 42.1875)
(-18 15.75 42.1875)
(-15.75 15.75 42.1875)
(-13.5 15.75 42.1875)
(-11.25 15.75 42.1875)
(-9 15.75 42.1875)
(-6.75 15.75 42.1875)
(-4.5 15.75 42.1875)
(-2.25 15.75 42.1875)
(0 15.75 42.1875)
(2.25 15.75 42.1875)
(4.5 15.75 42.1875)
(6.75 15.75 42.1875)
(9 15.75 42.1875)
(11.25 15.75 42.1875)
(13.5 15.75 42.1875)
(15.75 15.75 42.1875)
(18 15.75 42.1875)
(-18 18 42.1875)
(-15.75 18 42.1875)
(-13.5 18 42.1875)
(-11.25 18 42.1875)
(-9 18 42.1875)
(-6.75 18 42.1875)
(-4.5 18 42.1875)
(-2.25 18 42.1875)
(0 18 42.1875)
(2.25 18 42.1875)
(4.5 18 42.1875)
(6.75 18 42.1875)
(9 18 42.1875)
(11.25 18 42.1875)
(13.5 18 42.1875)
(15.75 18 42.1875)
(18 18 42.1875)
(-18 -18 45)
(-15.75 -18 45)
(-13.5 -18 45)
(-11.25 -18 45)
(-9 -18 45)
(-6.75 -18 45)
(-4.5 -18 45)
(-2.25 -18 45)
(0 -18 45)
(2.25 -18 45)
(4.5 -18 45)
(6.75 -18 45)
(9 -18 45)
(11.25 -18 45)
(13.5 -18 45)
(15.75 -18 45)
(18 -18 45)
(-18 -15.75 45)
(-15.75 -15.75 45)
(-13.5 -15.75 45)
(-11.25 -15.75 45)
(-9 -15.75 45)
(-6.75 -15.75 45)
(-4.5 -15.75 45)
(-2.25 -15.75 45)
(0 -15.75 45)
(2.25 -15.75 45)
(4.5 -15.75 45)
(6.75 -15.75 45)
(9 -15.75 45)
(11.25 -15.75 45)
(13.5 -15.75 45)
(15.75 -15.75 45)
(18 -15.75 45)
(-18 -13.5 45)
(-15.75 -13.5 45)
(-13.5 -13.5 45)
(-11.25 -13.5 45)
(-9 -13.5 45)
(-6.75 -13.5 45)
(-4.5 -13.5 45)
(-2.25 -13.5 45)
(0 -13.5 45)
(2.25 -13.5 45)
(4.5 -13.5 45)
(6.75 -13.5 45)
(9 -13.5 45)
(11.25 -13.5 45)
(13.5 -13.5 45)
(15.75 -13.5 45)
(18 -13.5 45)
(-18 -11.25 45)
(-15.75 -11.25 45)
(-13.5 -11.25 45)
(-11.25 -11.25 45)
(-9 -11.25 45)
(-6.75 -11.25 45)
(-4.5 -11.25 45)
(-2.25 -11.25 45)
(0 -11.25 45)
(2.25 -11.25 45)
(4.5 -11.25 45)
(6.75 -11.25 45)
(9 -11.25 45)
(11.25 -11.25 45)
(13.5 -11.25 45)
(15.75 -11.25 45)
(18 -11.25 45)
(-18 -9 45)
(-15.75 -9 45)
(-13.5 -9 45)
(-11.25 -9 45)
(-9 -9 45)
(-6.75 -9 45)
(-4.5 -9 45)
(-2.25 -9 45)
(0 -9 45)
(2.25 -9 45)
(4.5 -9 45)
(6.75 -9 45)
(9 -9 45)
(11.25 -9 45)
(13.5 -9 45)
(15.75 -9 45)
(18 -9 45)
(-18 -6.75 45)
(-15.75 -6.75 45)
(-13.5 -6.75 45)
(-11.25 -6.75 45)
(-9 -6.75 45)
(-6.75 -6.75 45)
(-4.5 -6.75 45)
(-2.25 -6.75 45)
(0 -6.75 45)
(2.25 -6.75 45)
(4.5 -6.75 45)
(6.75 -6.75 45)
(9 -6.75 45)
(11.25 -6.75 45)
(13.5 -6.75 45)
(15.75 -6.75 45)
(18 -6.75 45)
(-18 -4.5 45)
(-15.75 -4.5 45)
(-13.5 -4.5 45)
(-11.25 -4.5 45)
(-9 -4.5 45)
(-6.75 -4.5 45)
(-4.5 -4.5 45)
(-2.25 -4.5 45)
(0 -4.5 45)
(2.25 -4.5 45)
(4.5 -4.5 45)
(6.75 -4.5 45)
(9 -4.5 45)
(11.25 -4.5 45)
(13.5 -4.5 45)
(15.75 -4.5 45)
(18 -4.5 45)
(-18 -2.25 45)
(-15.75 -2.25 45)
(-13.5 -2.25 45)
(-11.25 -2.25 45)
(-9 -2.25 45)
(-6.75 -2.25 45)
(-4.5 -2.25 45)
(-2.25 -2.25 45)
(0 -2.25 45)
(2.25 -2.25 45)
(4.5 -2.25 45)
(6.75 -2.25 45)
(9 -2.25 45)
(11.25 -2.25 45)
(13.5 -2.25 45)
(15.75 -2.25 45)
(18 -2.25 45)
(-18 0 45)
(-15.75 0 45)
(-13.5 0 45)
(-11.25 0 45)
(-9 0 45)
(-6.75 0 45)
(-4.5 0 45)
(-2.25 0 45)
(0 0 45)
(2.25 0 45)
(4.5 0 45)
(6.75 0 45)
(9 0 45)
(11.25 0 45)
(13.5 0 45)
(15.75 0 45)
(18 0 45)
(-18 2.25 45)
(-15.75 2.25 45)
(-13.5 2.25 45)
(-11.25 2.25 45)
(-9 2.25 45)
(-6.75 2.25 45)
(-4.5 2.25 45)
(-2.25 2.25 45)
(0 2.25 45)
(2.25 2.25 45)
(4.5 2.25 45)
(6.75 2.25 45)
(9 2.25 45)
(11.25 2.25 45)
(13.5 2.25 45)
(15.75 2.25 45)
(18 2.25 45)
(-18 4.5 45)
(-15.75 4.5 45)
(-13.5 4.5 45)
(-11.25 4.5 45)
(-9 4.5 45)
(-6.75 4.5 45)
(-4.5 4.5 45)
(-2.25 4.5 45)
(0 4.5 45)
(2.25 4.5 45)
(4.5 4.5 45)
(6.75 4.5 45)
(9 4.5 45)
(11.25 4.5 45)
(13.5 4.5 45)
(15.75 4.5 45)
(18 4.5 45)
(-18 6.75 45)
(-15.75 6.75 45)
(-13.5 6.75 45)
(-11.25 6.75 45)
(-9 6.75 45)
(-6.75 6.75 45)
(-4.5 6.75 45)
(-2.25 6.75 45)
(0 6.75 45)
(2.25 6.75 45)
(4.5 6.75 45)
(6.75 6.75 45)
(9 6.75 45)
(11.25 6.75 45)
(13.5 6.75 45)
(15.75 6.75 45)
(18 6.75 45)
(-18 9 45)
(-15.75 9 45)
(-13.5 9 45)
(-11.25 9 45)
(-9 9 45)
(-6.75 9 45)
(-4.5 9 45)
(-2.25 9 45)
(0 9 45)
(2.25 9 45)
(4.5 9 45)
(6.75 9 45)
(9 9 45)
(11.25 9 45)
(13.5 9 45)
(15.75 9 45)
(18 9 45)
(-18 11.25 45)
(-15.75 11.25 45)
(-13.5 11.25 45)
(-11.25 11.25 45)
(-9 11.25 45)
(-6.75 11.25 45)
(-4.5 11.25 45)
(-2.25 11.25 45)
(0 11.25 45)
(2.25 11.25 45)
(4.5 11.25 45)
(6.75 11.25 45)
(9 11.25 45)
(11.25 11.25 45)
(13.5 11.25 45)
(15.75 11.25 45)
(18 11.25 45)
(-18 13.5 45)
(-15.75 13.5 45)
(-13.5 13.5 45)
(-11.25 13.5 45)
(-9 13.5 45)
(-6.75 13.5 45)
(-4.5 13.5 45)
(-2.25 13.5 45)
(0 13.5 45)
(2.25 13.5 45)
(4.5 13.5 45)
(6.75 13.5 45)
(9 13.5 45)
(11.25 13.5 45)
(13.5 13.5 45)
(15.75 13.5 45)
(18 13.5 45)
(-18 15.75 45)
(-15.75 15.75 45)
(-13.5 15.75 45)
(-11.25 15.75 45)
(-9 15.75 45)
(-6.75 15.75 45)
(-4.5 15.75 45)
(-2.25 15.75 45)
(0 15.75 45)
(2.25 15.75 45)
(4.5 15.75 45)
(6.75 15.75 45)
(9 15.75 45)
(11.25 15.75 45)
(13.5 15.75 45)
(15.75 15.75 45)
(18 15.75 45)
(-18 18 45)
(-15.75 18 45)
(-13.5 18 45)
(-11.25 18 45)
(-9 18 45)
(-6.75 18 45)
(-4.5 18 45)
(-2.25 18 45)
(0 18 45)
(2.25 18 45)
(4.5 18 45)
(6.75 18 45)
(9 18 45)
(11.25 18 45)
(13.5 18 45)
(15.75 18 45)
(18 18 45)
)


// ************************************************************************* //
