/*--------------------------------*- C++ -*----------------------------------*\
| =========                 |                                                 |
| \\      /  F ield         | OpenFOAM: The Open Source CFD Toolbox           |
|  \\    /   O peration     | Version:  v1606+                                |
|   \\  /    A nd           | Web:      www.OpenFOAM.com                      |
|    \\/     M anipulation  |                                                 |
\*---------------------------------------------------------------------------*/
FoamFile
{
    version     2.0;
    format      ascii;
    class       volVectorField;
    object      U;
}
// * * * * * * * * * * * * * * * * * * * * * * * * * * * * * * * * * * * * * //

dimensions      [0 1 -1 0 0 0 0];

internalField   uniform (0 0 0);

boundaryField
{
    lateral_boundary
    {
        type            pressureInletOutletVelocity;
        value           uniform (0 0 0);
    }

    
    orifice
    {
	type            turbulentInlet;
	referenceField 	nonuniform List<vector>
260
(
(0 0   1.212)
(0 0  1.2255)
(0 0  1.2333)
(0 0  1.2374)
(0 0  1.2392)
(0 0  1.2392)
(0 0  1.2374)
(0 0  1.2333)
(0 0  1.2255)
(0 0   1.212)
(0 0  1.2255)
(0 0  1.2379)
(0 0  1.2438)
(0 0  1.2465)
(0 0  1.2475)
(0 0  1.2475)
(0 0  1.2465)
(0 0  1.2438)
(0 0  1.2379)
(0 0  1.2255)
(0 0  1.2333)
(0 0  1.2438)
(0 0  1.2479)
(0 0  1.2493)
(0 0  1.2496)
(0 0  1.2496)
(0 0  1.2493)
(0 0  1.2479)
(0 0  1.2438)
(0 0  1.2333)
(0 0  1.2374)
(0 0  1.2465)
(0 0  1.2493)
(0 0  1.2499)
(0 0    1.25)
(0 0    1.25)
(0 0  1.2499)
(0 0  1.2493)
(0 0  1.2465)
(0 0  1.2374)
(0 0  1.2392)
(0 0  1.2475)
(0 0  1.2496)
(0 0    1.25)
(0 0    1.25)
(0 0    1.25)
(0 0    1.25)
(0 0  1.2496)
(0 0  1.2475)
(0 0  1.2392)
(0 0  1.2392)
(0 0  1.2475)
(0 0  1.2496)
(0 0    1.25)
(0 0    1.25)
(0 0    1.25)
(0 0    1.25)
(0 0  1.2496)
(0 0  1.2475)
(0 0  1.2392)
(0 0  1.2374)
(0 0  1.2465)
(0 0  1.2493)
(0 0  1.2499)
(0 0    1.25)
(0 0    1.25)
(0 0  1.2499)
(0 0  1.2493)
(0 0  1.2465)
(0 0  1.2374)
(0 0  1.2333)
(0 0  1.2438)
(0 0  1.2479)
(0 0  1.2493)
(0 0  1.2496)
(0 0  1.2496)
(0 0  1.2493)
(0 0  1.2479)
(0 0  1.2438)
(0 0  1.2333)
(0 0  1.2255)
(0 0  1.2379)
(0 0  1.2438)
(0 0  1.2465)
(0 0  1.2475)
(0 0  1.2475)
(0 0  1.2465)
(0 0  1.2438)
(0 0  1.2379)
(0 0  1.2255)
(0 0   1.212)
(0 0  1.2255)
(0 0  1.2333)
(0 0  1.2374)
(0 0  1.2392)
(0 0  1.2392)
(0 0  1.2374)
(0 0  1.2333)
(0 0  1.2255)
(0 0   1.212)
(0 0  1.1678)
(0 0  1.1864)
(0 0  1.1986)
(0 0  1.2058)
(0 0  1.2092)
(0 0  1.2092)
(0 0  1.2058)
(0 0  1.1986)
(0 0  1.1864)
(0 0  1.1678)
(0 0  1.0466)
(0 0  1.0762)
(0 0  1.0969)
(0 0    1.11)
(0 0  1.1164)
(0 0  1.1164)
(0 0    1.11)
(0 0  1.0969)
(0 0  1.0762)
(0 0  1.0466)
(0 0 0.80306)
(0 0 0.83826)
(0 0 0.86443)
(0 0 0.88172)
(0 0  0.8903)
(0 0  0.8903)
(0 0 0.88172)
(0 0 0.86443)
(0 0 0.83826)
(0 0 0.80306)
(0 0 0.35338)
(0 0 0.37473)
(0 0 0.39129)
(0 0 0.40258)
(0 0 0.40829)
(0 0 0.40829)
(0 0 0.40258)
(0 0 0.39129)
(0 0 0.37473)
(0 0 0.35338)
(0 0  1.1678)
(0 0  1.1864)
(0 0  1.1986)
(0 0  1.2058)
(0 0  1.2092)
(0 0  1.2092)
(0 0  1.2058)
(0 0  1.1986)
(0 0  1.1864)
(0 0  1.1678)
(0 0  1.0466)
(0 0  1.0762)
(0 0  1.0969)
(0 0    1.11)
(0 0  1.1164)
(0 0  1.1164)
(0 0    1.11)
(0 0  1.0969)
(0 0  1.0762)
(0 0  1.0466)
(0 0 0.80306)
(0 0 0.83826)
(0 0 0.86443)
(0 0 0.88172)
(0 0  0.8903)
(0 0  0.8903)
(0 0 0.88172)
(0 0 0.86443)
(0 0 0.83826)
(0 0 0.80306)
(0 0 0.35338)
(0 0 0.37473)
(0 0 0.39129)
(0 0 0.40258)
(0 0 0.40829)
(0 0 0.40829)
(0 0 0.40258)
(0 0 0.39129)
(0 0 0.37473)
(0 0 0.35338)
(0 0 0.35338)
(0 0 0.80306)
(0 0  1.0466)
(0 0  1.1678)
(0 0 0.37473)
(0 0 0.83826)
(0 0  1.0762)
(0 0  1.1864)
(0 0 0.39129)
(0 0 0.86443)
(0 0  1.0969)
(0 0  1.1986)
(0 0 0.40258)
(0 0 0.88172)
(0 0    1.11)
(0 0  1.2058)
(0 0 0.40829)
(0 0  0.8903)
(0 0  1.1164)
(0 0  1.2092)
(0 0 0.40829)
(0 0  0.8903)
(0 0  1.1164)
(0 0  1.2092)
(0 0 0.40258)
(0 0 0.88172)
(0 0    1.11)
(0 0  1.2058)
(0 0 0.39129)
(0 0 0.86443)
(0 0  1.0969)
(0 0  1.1986)
(0 0 0.37473)
(0 0 0.83826)
(0 0  1.0762)
(0 0  1.1864)
(0 0 0.35338)
(0 0 0.80306)
(0 0  1.0466)
(0 0  1.1678)
(0 0  1.1678)
(0 0  1.0466)
(0 0 0.80306)
(0 0 0.35338)
(0 0  1.1864)
(0 0  1.0762)
(0 0 0.83826)
(0 0 0.37473)
(0 0  1.1986)
(0 0  1.0969)
(0 0 0.86443)
(0 0 0.39129)
(0 0  1.2058)
(0 0    1.11)
(0 0 0.88172)
(0 0 0.40258)
(0 0  1.2092)
(0 0  1.1164)
(0 0  0.8903)
(0 0 0.40829)
(0 0  1.2092)
(0 0  1.1164)
(0 0  0.8903)
(0 0 0.40829)
(0 0  1.2058)
(0 0    1.11)
(0 0 0.88172)
(0 0 0.40258)
(0 0  1.1986)
(0 0  1.0969)
(0 0 0.86443)
(0 0 0.39129)
(0 0  1.1864)
(0 0  1.0762)
(0 0 0.83826)
(0 0 0.37473)
(0 0  1.1678)
(0 0  1.0466)
(0 0 0.80306)
(0 0 0.35338)
);
        fluctuationScale (0.0001 0.0001 0.0001);
        alpha           0.1;
        value           nonuniform List<vector>
260
(
(0 0   1.212)
(0 0  1.2255)
(0 0  1.2333)
(0 0  1.2374)
(0 0  1.2392)
(0 0  1.2392)
(0 0  1.2374)
(0 0  1.2333)
(0 0  1.2255)
(0 0   1.212)
(0 0  1.2255)
(0 0  1.2379)
(0 0  1.2438)
(0 0  1.2465)
(0 0  1.2475)
(0 0  1.2475)
(0 0  1.2465)
(0 0  1.2438)
(0 0  1.2379)
(0 0  1.2255)
(0 0  1.2333)
(0 0  1.2438)
(0 0  1.2479)
(0 0  1.2493)
(0 0  1.2496)
(0 0  1.2496)
(0 0  1.2493)
(0 0  1.2479)
(0 0  1.2438)
(0 0  1.2333)
(0 0  1.2374)
(0 0  1.2465)
(0 0  1.2493)
(0 0  1.2499)
(0 0    1.25)
(0 0    1.25)
(0 0  1.2499)
(0 0  1.2493)
(0 0  1.2465)
(0 0  1.2374)
(0 0  1.2392)
(0 0  1.2475)
(0 0  1.2496)
(0 0    1.25)
(0 0    1.25)
(0 0    1.25)
(0 0    1.25)
(0 0  1.2496)
(0 0  1.2475)
(0 0  1.2392)
(0 0  1.2392)
(0 0  1.2475)
(0 0  1.2496)
(0 0    1.25)
(0 0    1.25)
(0 0    1.25)
(0 0    1.25)
(0 0  1.2496)
(0 0  1.2475)
(0 0  1.2392)
(0 0  1.2374)
(0 0  1.2465)
(0 0  1.2493)
(0 0  1.2499)
(0 0    1.25)
(0 0    1.25)
(0 0  1.2499)
(0 0  1.2493)
(0 0  1.2465)
(0 0  1.2374)
(0 0  1.2333)
(0 0  1.2438)
(0 0  1.2479)
(0 0  1.2493)
(0 0  1.2496)
(0 0  1.2496)
(0 0  1.2493)
(0 0  1.2479)
(0 0  1.2438)
(0 0  1.2333)
(0 0  1.2255)
(0 0  1.2379)
(0 0  1.2438)
(0 0  1.2465)
(0 0  1.2475)
(0 0  1.2475)
(0 0  1.2465)
(0 0  1.2438)
(0 0  1.2379)
(0 0  1.2255)
(0 0   1.212)
(0 0  1.2255)
(0 0  1.2333)
(0 0  1.2374)
(0 0  1.2392)
(0 0  1.2392)
(0 0  1.2374)
(0 0  1.2333)
(0 0  1.2255)
(0 0   1.212)
(0 0  1.1678)
(0 0  1.1864)
(0 0  1.1986)
(0 0  1.2058)
(0 0  1.2092)
(0 0  1.2092)
(0 0  1.2058)
(0 0  1.1986)
(0 0  1.1864)
(0 0  1.1678)
(0 0  1.0466)
(0 0  1.0762)
(0 0  1.0969)
(0 0    1.11)
(0 0  1.1164)
(0 0  1.1164)
(0 0    1.11)
(0 0  1.0969)
(0 0  1.0762)
(0 0  1.0466)
(0 0 0.80306)
(0 0 0.83826)
(0 0 0.86443)
(0 0 0.88172)
(0 0  0.8903)
(0 0  0.8903)
(0 0 0.88172)
(0 0 0.86443)
(0 0 0.83826)
(0 0 0.80306)
(0 0 0.35338)
(0 0 0.37473)
(0 0 0.39129)
(0 0 0.40258)
(0 0 0.40829)
(0 0 0.40829)
(0 0 0.40258)
(0 0 0.39129)
(0 0 0.37473)
(0 0 0.35338)
(0 0  1.1678)
(0 0  1.1864)
(0 0  1.1986)
(0 0  1.2058)
(0 0  1.2092)
(0 0  1.2092)
(0 0  1.2058)
(0 0  1.1986)
(0 0  1.1864)
(0 0  1.1678)
(0 0  1.0466)
(0 0  1.0762)
(0 0  1.0969)
(0 0    1.11)
(0 0  1.1164)
(0 0  1.1164)
(0 0    1.11)
(0 0  1.0969)
(0 0  1.0762)
(0 0  1.0466)
(0 0 0.80306)
(0 0 0.83826)
(0 0 0.86443)
(0 0 0.88172)
(0 0  0.8903)
(0 0  0.8903)
(0 0 0.88172)
(0 0 0.86443)
(0 0 0.83826)
(0 0 0.80306)
(0 0 0.35338)
(0 0 0.37473)
(0 0 0.39129)
(0 0 0.40258)
(0 0 0.40829)
(0 0 0.40829)
(0 0 0.40258)
(0 0 0.39129)
(0 0 0.37473)
(0 0 0.35338)
(0 0 0.35338)
(0 0 0.80306)
(0 0  1.0466)
(0 0  1.1678)
(0 0 0.37473)
(0 0 0.83826)
(0 0  1.0762)
(0 0  1.1864)
(0 0 0.39129)
(0 0 0.86443)
(0 0  1.0969)
(0 0  1.1986)
(0 0 0.40258)
(0 0 0.88172)
(0 0    1.11)
(0 0  1.2058)
(0 0 0.40829)
(0 0  0.8903)
(0 0  1.1164)
(0 0  1.2092)
(0 0 0.40829)
(0 0  0.8903)
(0 0  1.1164)
(0 0  1.2092)
(0 0 0.40258)
(0 0 0.88172)
(0 0    1.11)
(0 0  1.2058)
(0 0 0.39129)
(0 0 0.86443)
(0 0  1.0969)
(0 0  1.1986)
(0 0 0.37473)
(0 0 0.83826)
(0 0  1.0762)
(0 0  1.1864)
(0 0 0.35338)
(0 0 0.80306)
(0 0  1.0466)
(0 0  1.1678)
(0 0  1.1678)
(0 0  1.0466)
(0 0 0.80306)
(0 0 0.35338)
(0 0  1.1864)
(0 0  1.0762)
(0 0 0.83826)
(0 0 0.37473)
(0 0  1.1986)
(0 0  1.0969)
(0 0 0.86443)
(0 0 0.39129)
(0 0  1.2058)
(0 0    1.11)
(0 0 0.88172)
(0 0 0.40258)
(0 0  1.2092)
(0 0  1.1164)
(0 0  0.8903)
(0 0 0.40829)
(0 0  1.2092)
(0 0  1.1164)
(0 0  0.8903)
(0 0 0.40829)
(0 0  1.2058)
(0 0    1.11)
(0 0 0.88172)
(0 0 0.40258)
(0 0  1.1986)
(0 0  1.0969)
(0 0 0.86443)
(0 0 0.39129)
(0 0  1.1864)
(0 0  1.0762)
(0 0 0.83826)
(0 0 0.37473)
(0 0  1.1678)
(0 0  1.0466)
(0 0 0.80306)
(0 0 0.35338)
);
    }
    
	
    inflow_boundary
    {
     	type noSlip;
    }

    outflow_boundary
    {
        type            pressureInletOutletVelocity;
        value           uniform (0 0 0);
    }
}

// ************************************************************************* //
